"TOA5","CS110","CR1000","93710","CR1000.Std.32.04","CPU:CS110_1675_5Hz.cr1","47528","Tab"
"TIMESTAMP","RECORD","E_field","status","leakage_cur","panel_temp","battery_volt","internal_RH"
"TS","RN","volts/m","","nA","DegC","V","%"
"","","Smp","Smp","Smp","Smp","Smp","Smp"
"2023-06-26 15:09:06.4",0,-0.004110038,4,0.011,21.42,11.98,40.8
"2023-06-26 15:09:06.8",1,-0.004113227,8,0.01,21.42,11.98,40.77
"2023-06-26 15:09:07",2,0.3,1,0.011,21.42,11.98,40.8
"2023-06-26 15:09:07.2",3,0.3,1,0.01,21.42,11.98,40.77
"2023-06-26 15:09:07.4",4,-0.3082265,1,0.01,21.42,11.98,40.77
"2023-06-26 15:09:07.6",5,0.6041143,1,0.011,21.42,11.98,40.77
"2023-06-26 15:09:07.8",6,-0.3082265,1,0.01,21.42,11.98,40.8
"2023-06-26 15:09:08",7,-0.3082265,1,0.01,21.42,11.98,40.77
"2023-06-26 15:09:08.2",8,0.6041143,1,0.011,21.42,11.98,40.77
"2023-06-26 15:09:08.4",9,0.3,1,0.01,21.42,11.98,40.77
"2023-06-26 15:09:08.6",10,0.6041143,1,0.011,21.42,11.98,40.77
"2023-06-26 15:09:08.8",11,0.3,1,0.011,21.42,11.98,40.77
"2023-06-26 15:09:09",12,-0.004113227,1,0.01,21.42,11.98,40.8
"2023-06-26 15:09:09.2",13,0.3000022,1,0.012,21.42,11.98,40.77
"2023-06-26 15:09:09.4",14,0.3,1,0.011,21.42,11.98,40.77
"2023-06-26 15:09:09.6",15,-0.3082265,1,0.01,21.42,11.98,40.77
"2023-06-26 15:09:09.8",16,0.3000022,1,0.012,21.42,11.98,40.77
"2023-06-26 15:09:10",17,0.3,1,0.011,21.42,11.98,40.77
"2023-06-26 15:09:10.2",18,0.3,1,0.01,21.42,11.98,40.77
"2023-06-26 15:09:10.4",19,0.3,1,0.011,21.42,11.98,40.77
"2023-06-26 15:09:10.6",20,-0.004113227,1,0.011,21.42,11.98,40.77
"2023-06-26 15:09:10.8",21,-0.004113227,1,0.01,21.42,11.98,40.77
"2023-06-26 15:09:11",22,0.6041143,1,0.011,21.42,11.98,40.77
"2023-06-26 15:09:11.2",23,0.3,1,0.011,21.42,11.98,40.77
"2023-06-26 15:09:11.4",24,-0.004113227,1,0.01,21.42,11.98,40.77
"2023-06-26 15:09:11.6",25,0.6041143,1,0.011,21.42,11.98,40.77
"2023-06-26 15:09:11.8",26,-0.004113227,1,0.011,21.42,11.98,40.77
"2023-06-26 15:09:12",27,-0.004113227,1,0.01,21.42,11.98,40.77
"2023-06-26 15:09:12.2",28,-0.004113227,1,0.01,21.42,11.98,40.77
"2023-06-26 15:09:12.4",29,-0.004112184,1,0.011,21.42,11.98,40.77
"2023-06-26 15:09:12.6",30,-0.004113227,1,0.011,21.42,11.98,40.77
"2023-06-26 15:09:12.8",31,0.3,1,0.01,21.42,11.98,40.77
"2023-06-26 15:09:13",32,0.6041143,1,0.011,21.42,11.98,40.77
"2023-06-26 15:09:13.2",33,0.3,1,0.01,21.42,11.98,40.77
"2023-06-26 15:09:13.4",34,-0.004113227,1,0.01,21.42,11.98,40.77
"2023-06-26 15:09:13.6",35,0.6041143,1,0.011,21.42,11.98,40.77
"2023-06-26 15:09:13.8",36,-0.004113227,1,0.011,21.45,11.98,40.77
"2023-06-26 15:09:14",37,-0.004113227,1,0.01,21.42,11.98,40.77
"2023-06-26 15:09:14.2",38,0.3000022,1,0.011,21.42,11.98,40.77
"2023-06-26 15:09:14.4",39,-0.004113227,1,0.011,21.42,11.98,40.77
"2023-06-26 15:09:14.6",40,-0.004113227,1,0.01,21.42,11.98,40.77
"2023-06-26 15:09:14.8",41,0.3,1,0.01,21.42,11.98,40.77
"2023-06-26 15:09:15",42,-0.004112184,1,0.011,21.42,11.98,40.77
"2023-06-26 15:09:15.2",43,0.3,1,0.01,21.42,11.98,40.77
"2023-06-26 15:09:15.4",44,0.3000022,1,0.012,21.45,11.98,40.77
"2023-06-26 15:09:15.6",45,-0.3082254,1,0.011,21.45,11.98,40.77
"2023-06-26 15:09:15.8",46,0.3,1,0.01,21.42,11.98,40.77
"2023-06-26 15:09:16",47,-0.0041143,1,0.009,21.42,11.98,40.77
"2023-06-26 15:09:16.2",48,0.6041143,1,0.011,21.42,11.98,40.77
"2023-06-26 15:09:16.4",49,0.3,1,0.01,21.42,11.98,40.77
"2023-06-26 15:09:16.6",50,0.6041143,1,0.011,21.45,11.98,40.77
"2023-06-26 15:09:16.8",51,-0.004113227,1,0.011,21.42,11.98,40.77
"2023-06-26 15:09:17",52,-0.004113227,1,0.01,21.42,11.98,40.77
"2023-06-26 15:09:17.2",53,0.3,1,0.01,21.45,11.98,40.77
"2023-06-26 15:09:17.4",54,-0.004112184,1,0.011,21.42,11.98,40.77
"2023-06-26 15:09:17.6",55,0.3,1,0.01,21.42,11.98,40.77
"2023-06-26 15:09:17.8",56,-0.004112184,1,0.012,21.42,11.98,40.77
"2023-06-26 15:09:18",57,0.3,1,0.011,21.42,11.98,40.77
"2023-06-26 15:09:18.2",58,0.3,1,0.01,21.45,11.98,40.77
"2023-06-26 15:09:18.4",59,0.3000022,1,0.011,21.42,11.98,40.77
"2023-06-26 15:09:18.6",60,0.3,1,0.011,21.42,11.98,40.77
"2023-06-26 15:09:18.8",61,0.3,1,0.01,21.45,11.98,40.77
"2023-06-26 15:09:19",62,0.3000022,1,0.011,21.45,11.98,40.77
"2023-06-26 15:09:19.2",63,0.3,1,0.011,21.45,11.98,40.77
"2023-06-26 15:09:19.4",64,0.3,1,0.01,21.42,11.98,40.77
"2023-06-26 15:09:19.6",65,0.3000022,1,0.011,21.42,11.98,40.77
"2023-06-26 15:09:19.8",66,0.3,1,0.011,21.45,11.98,40.77
"2023-06-26 15:09:20",67,0.3,1,0.01,21.45,11.98,40.74
"2023-06-26 15:09:20.2",68,0.3000022,1,0.011,21.45,11.98,40.74
"2023-06-26 15:09:20.4",69,0.3,1,0.011,21.45,11.98,40.74
"2023-06-26 15:09:20.6",70,0.3,1,0.01,21.45,11.98,40.74
"2023-06-26 15:09:20.8",71,0.3000022,1,0.011,21.45,11.98,40.74
"2023-06-26 15:09:21",72,-0.0041143,1,0.011,21.45,11.99,40.74
"2023-06-26 15:09:21.2",73,0.3,1,0.01,21.45,11.99,40.74
"2023-06-26 15:09:21.4",74,-0.004112184,1,0.011,21.45,11.99,40.77
"2023-06-26 15:09:21.6",75,0.3,1,0.01,21.45,11.98,40.74
"2023-06-26 15:09:21.8",76,0.3,1,0.01,21.45,11.98,40.74
"2023-06-26 15:09:22",77,0.3,1,0.011,21.45,11.98,40.74
"2023-06-26 15:09:22.2",78,0.3,1,0.01,21.45,11.98,40.74
"2023-06-26 15:09:22.4",79,0.3000022,1,0.012,21.45,11.98,40.77
"2023-06-26 15:09:22.6",80,0.3,1,0.011,21.45,11.98,40.74
"2023-06-26 15:09:22.8",81,0.3,1,0.01,21.45,11.98,40.74
"2023-06-26 15:09:23",82,0.3000022,1,0.012,21.45,11.98,40.74
"2023-06-26 15:09:23.2",83,-0.004113227,1,0.011,21.45,11.98,40.77
"2023-06-26 15:09:23.4",84,0.3,1,0.01,21.45,11.98,40.74
"2023-06-26 15:09:23.6",85,0.3,1,0.01,21.45,11.99,40.74
"2023-06-26 15:09:23.8",86,-0.004112184,1,0.011,21.45,11.98,40.74
"2023-06-26 15:09:24",87,0.3,1,0.01,21.45,11.99,40.74
"2023-06-26 15:09:24.2",88,0.3,1,0.01,21.45,11.98,40.74
"2023-06-26 15:09:24.4",89,0.3000022,1,0.011,21.45,11.98,40.74
"2023-06-26 15:09:24.6",90,0.3,1,0.01,21.45,11.98,40.74
"2023-06-26 15:09:24.8",91,0.3,1,0.01,21.45,11.98,40.74
"2023-06-26 15:09:25",92,0.3000022,1,0.011,21.45,11.98,40.74
"2023-06-26 15:09:25.2",93,0.3,1,0.01,21.45,11.98,40.74
"2023-06-26 15:09:25.4",94,0.3,1,0.01,21.45,11.98,40.74
"2023-06-26 15:09:25.6",95,0.3000022,1,0.011,21.45,11.98,40.74
"2023-06-26 15:09:25.8",96,0.3,1,0.01,21.45,11.98,40.74
"2023-06-26 15:09:26",97,0.3,1,0.01,21.45,11.98,40.74
"2023-06-26 15:09:26.2",98,0.3000022,1,0.011,21.45,11.98,40.74
"2023-06-26 15:09:26.4",99,0.3,1,0.01,21.45,11.98,40.74
"2023-06-26 15:09:26.6",100,-0.0041143,1,0.009,21.45,11.98,40.74
"2023-06-26 15:09:26.8",101,0.3000022,1,0.011,21.45,11.98,40.74
"2023-06-26 15:09:27",102,0.3,1,0.01,21.45,11.98,40.74
"2023-06-26 15:09:27.2",103,0.3000022,1,0.012,21.45,11.98,40.74
"2023-06-26 15:09:27.4",104,-0.3082254,1,0.011,21.45,11.98,40.74
"2023-06-26 15:09:27.6",105,0.3,1,0.01,21.45,11.98,40.74
"2023-06-26 15:09:27.8",106,0.3000022,1,0.012,21.45,11.99,40.74
"2023-06-26 15:09:28",107,-0.004113227,1,0.011,21.45,11.98,40.74
"2023-06-26 15:09:28.2",108,0.3,1,0.01,21.45,11.98,40.74
"2023-06-26 15:09:28.4",109,0.3,1,0.01,21.45,11.98,40.74
"2023-06-26 15:09:28.6",110,0.3000022,1,0.011,21.45,11.98,40.74
"2023-06-26 15:09:28.8",111,0.3,1,0.01,21.45,11.98,40.74
"2023-06-26 15:09:29",112,0.3,1,0.01,21.45,11.99,40.74
"2023-06-26 15:09:29.2",113,-0.004112184,1,0.011,21.45,11.98,40.74
"2023-06-26 15:09:29.4",114,0.3,1,0.01,21.45,11.98,40.74
"2023-06-26 15:09:29.6",115,0.3000022,1,0.012,21.45,11.98,40.74
"2023-06-26 15:09:29.8",116,0.3,1,0.011,21.45,11.98,40.74
"2023-06-26 15:09:30",117,0.3,1,0.01,21.45,11.98,40.74
"2023-06-26 15:09:30.2",118,-0.004112184,1,0.011,21.45,11.98,40.74
"2023-06-26 15:09:30.4",119,-0.004113227,1,0.011,21.45,11.98,40.74
"2023-06-26 15:09:30.6",120,0.3,1,0.01,21.45,11.98,40.74
"2023-06-26 15:09:30.8",121,0.6041122,1,0.011,21.45,11.98,40.74
"2023-06-26 15:09:31",122,0.3,1,0.011,21.45,11.98,40.74
"2023-06-26 15:09:31.2",123,0.3,1,0.01,21.45,11.98,40.74
"2023-06-26 15:09:31.4",124,0.3000022,1,0.011,21.45,11.98,40.74
"2023-06-26 15:09:31.6",125,0.3,1,0.011,21.45,11.98,40.74
"2023-06-26 15:09:31.8",126,0.3,1,0.01,21.45,11.98,40.74
"2023-06-26 15:09:32",127,-0.004112184,1,0.011,21.45,11.98,40.74
"2023-06-26 15:09:32.2",128,0.3,1,0.01,21.45,11.98,40.74
"2023-06-26 15:09:32.4",129,0.3,1,0.01,21.45,11.98,40.74
"2023-06-26 15:09:32.6",130,0.3000022,1,0.011,21.45,11.98,40.74
"2023-06-26 15:09:32.8",131,0.3,1,0.01,21.45,11.98,40.74
"2023-06-26 15:09:33",132,0.3,1,0.01,21.45,11.98,40.74
"2023-06-26 15:09:33.2",133,-0.004112184,1,0.011,21.45,11.98,40.74
"2023-06-26 15:09:33.4",134,0.3,1,0.01,21.45,11.98,40.74
"2023-06-26 15:09:33.6",135,0.3,1,0.01,21.45,11.98,40.74
"2023-06-26 15:09:33.8",136,0.3000022,1,0.011,21.45,11.98,40.74
"2023-06-26 15:09:34",137,0.3,1,0.01,21.45,11.98,40.74
"2023-06-26 15:09:34.2",138,0.3,1,0.01,21.45,11.98,40.74
"2023-06-26 15:09:34.4",139,-0.004112184,1,0.011,21.45,11.98,40.74
"2023-06-26 15:09:34.6",140,0.3,1,0.01,21.45,11.98,40.74
"2023-06-26 15:09:34.8",141,0.9082265,1,0.012,21.45,11.98,40.74
"2023-06-26 15:09:35",142,0.3,1,0.011,21.45,11.99,40.74
"2023-06-26 15:09:35.2",143,0.3,1,0.01,21.45,11.98,40.74
"2023-06-26 15:09:35.4",144,-0.004112184,1,0.011,21.45,11.98,40.74
"2023-06-26 15:09:35.6",145,0.3,1,0.011,21.45,11.99,40.74
"2023-06-26 15:09:35.8",146,-0.0041143,1,0.01,21.45,11.98,40.74
"2023-06-26 15:09:36",147,-0.004112184,1,0.011,21.45,11.98,40.74
"2023-06-26 15:09:36.2",148,-0.3082265,1,0.01,21.45,11.98,40.74
"2023-06-26 15:09:36.4",149,0.3,1,0.01,21.45,11.98,40.74
"2023-06-26 15:09:36.6",150,0.3000022,1,0.011,21.45,11.98,40.74
"2023-06-26 15:09:36.8",151,0.3,1,0.01,21.45,11.98,40.74
"2023-06-26 15:09:37",152,0.3000022,1,0.012,21.45,11.98,40.74
"2023-06-26 15:09:37.2",153,-0.0041143,1,0.011,21.48,11.98,40.74
"2023-06-26 15:09:37.4",154,0.3,1,0.01,21.45,11.98,40.74
"2023-06-26 15:09:37.6",155,0.6041143,1,0.011,21.48,11.98,40.74
"2023-06-26 15:09:37.8",156,-0.004113227,1,0.011,21.48,11.98,40.74
"2023-06-26 15:09:38",157,-0.004113227,1,0.01,21.48,11.98,40.74
"2023-06-26 15:09:38.2",158,0.3,1,0.01,21.48,11.98,40.74
"2023-06-26 15:09:38.4",159,0.3000022,1,0.011,21.48,11.98,40.74
"2023-06-26 15:09:38.6",160,-0.004113227,1,0.01,21.48,11.98,40.74
"2023-06-26 15:09:38.8",161,0.3,1,0.01,21.48,11.98,40.74
"2023-06-26 15:09:39",162,0.3000022,1,0.011,21.48,11.98,40.74
"2023-06-26 15:09:39.2",163,0.3,1,0.01,21.48,11.98,40.74
"2023-06-26 15:09:39.4",164,0.3,1,0.01,21.48,11.98,40.74
"2023-06-26 15:09:39.6",165,-0.004112184,1,0.011,21.48,11.98,40.74
"2023-06-26 15:09:39.8",166,0.3,1,0.01,21.45,11.98,40.74
"2023-06-26 15:09:40",167,-0.3082265,1,0.01,21.48,11.98,40.74
"2023-06-26 15:09:40.2",168,0.3000022,1,0.011,21.48,11.98,40.74
"2023-06-26 15:09:40.4",169,0.3,1,0.01,21.48,11.98,40.74
"2023-06-26 15:09:40.6",170,0.6041132,1,0.01,21.48,11.98,40.74
"2023-06-26 15:09:40.8",171,0.3000022,1,0.011,21.48,11.98,40.74
"2023-06-26 15:09:41",172,-0.004113227,1,0.011,21.48,11.98,40.74
"2023-06-26 15:09:41.2",173,0.3,1,0.01,21.48,11.98,40.74
"2023-06-26 15:09:41.4",174,-0.004112184,1,0.011,21.48,11.98,40.74
"2023-06-26 15:09:41.6",175,0.3,1,0.011,21.48,11.98,40.74
"2023-06-26 15:09:41.8",176,-0.004113227,1,0.01,21.48,11.98,40.74
"2023-06-26 15:09:42",177,0.3000022,1,0.011,21.48,11.98,40.74
"2023-06-26 15:09:42.2",178,0.3,1,0.011,21.48,11.98,40.74
"2023-06-26 15:09:42.4",179,0.3,1,0.01,21.48,11.98,40.74
"2023-06-26 15:09:42.6",180,-0.004112184,1,0.011,21.48,11.98,40.74
"2023-06-26 15:09:42.8",181,-0.004113227,1,0.011,21.48,11.98,40.74
"2023-06-26 15:09:43",182,-0.004113227,1,0.01,21.48,11.98,40.74
"2023-06-26 15:09:43.2",183,0.3000022,1,0.011,21.48,11.99,40.74
"2023-06-26 15:09:43.4",184,0.3,1,0.011,21.48,11.98,40.74
"2023-06-26 15:09:43.6",185,0.3,1,0.01,21.48,11.98,40.74
"2023-06-26 15:09:43.8",186,0.3000022,1,0.011,21.48,11.98,40.74
"2023-06-26 15:09:44",187,-0.0041143,1,0.011,21.48,11.98,40.74
"2023-06-26 15:09:44.2",188,0.3,1,0.01,21.48,11.98,40.74
"2023-06-26 15:09:44.4",189,0.3000022,1,0.011,21.48,11.98,40.74
"2023-06-26 15:09:44.6",190,-0.0041143,1,0.01,21.48,11.98,40.74
"2023-06-26 15:09:44.8",191,0.3,1,0.01,21.48,11.98,40.74
"2023-06-26 15:09:45",192,0.3000022,1,0.011,21.48,11.99,40.74
"2023-06-26 15:09:45.2",193,-0.004113227,1,0.011,21.48,11.98,40.74
"2023-06-26 15:09:45.4",194,-0.004113227,1,0.01,21.48,11.98,40.74
"2023-06-26 15:09:45.6",195,0.3000022,1,0.011,21.48,11.99,40.74
"2023-06-26 15:09:45.8",196,0.3,1,0.011,21.48,11.98,40.74
"2023-06-26 15:09:46",197,0.3,1,0.01,21.48,11.98,40.74
"2023-06-26 15:09:46.2",198,-0.004112184,1,0.011,21.48,11.98,40.74
"2023-06-26 15:09:46.4",199,0.3,1,0.011,21.48,11.98,40.74
"2023-06-26 15:09:46.6",200,0.3,1,0.01,21.48,11.98,40.74
"2023-06-26 15:09:46.8",201,0.6041122,1,0.011,21.48,11.98,40.74
"2023-06-26 15:09:47",202,0.3,1,0.01,21.48,11.98,40.74
"2023-06-26 15:09:47.2",203,-0.004113227,1,0.01,21.48,11.98,40.74
"2023-06-26 15:09:47.4",204,-0.004112184,1,0.011,21.48,11.98,40.74
"2023-06-26 15:09:47.6",205,0.3,1,0.01,21.48,11.98,40.74
"2023-06-26 15:09:47.8",206,0.3,1,0.01,21.48,11.98,40.74
"2023-06-26 15:09:48",207,-0.004112184,1,0.011,21.48,11.99,40.74
"2023-06-26 15:09:48.2",208,0.3,1,0.01,21.48,11.98,40.74
"2023-06-26 15:09:48.4",209,-0.3082265,1,0.01,21.48,11.98,40.74
"2023-06-26 15:09:48.6",210,-0.004112184,1,0.011,21.48,11.98,40.74
"2023-06-26 15:09:48.8",211,0.3,1,0.01,21.48,11.98,40.74
"2023-06-26 15:09:49",212,0.3000022,1,0.011,21.48,11.98,40.74
"2023-06-26 15:09:49.2",213,-0.3082254,1,0.011,21.48,11.99,40.74
"2023-06-26 15:09:49.4",214,0.3,1,0.01,21.48,11.98,40.74
"2023-06-26 15:09:49.6",215,-0.004112184,1,0.011,21.48,11.98,40.74
"2023-06-26 15:09:49.8",216,0.3,1,0.011,21.48,11.98,40.74
"2023-06-26 15:09:50",217,0.3,1,0.01,21.48,11.98,40.74
"2023-06-26 15:09:50.2",218,-0.004112184,1,0.011,21.48,11.98,40.74
"2023-06-26 15:09:50.4",219,0.3,1,0.01,21.48,11.98,40.74
"2023-06-26 15:09:50.6",220,0.3,1,0.01,21.48,11.98,40.74
"2023-06-26 15:09:50.8",221,0.3000022,1,0.011,21.48,11.98,40.74
"2023-06-26 15:09:51",222,0.3,1,0.01,21.48,11.98,40.74
"2023-06-26 15:09:51.2",223,0.3,1,0.01,21.48,11.98,40.74
"2023-06-26 15:09:51.4",224,0.3000022,1,0.011,21.48,11.98,40.74
"2023-06-26 15:09:51.6",225,0.3,1,0.01,21.48,11.98,40.74
"2023-06-26 15:09:51.8",226,-0.004113227,1,0.01,21.48,11.98,40.74
"2023-06-26 15:09:52",227,0.3000022,1,0.011,21.48,11.98,40.74
"2023-06-26 15:09:52.2",228,0.3,1,0.01,21.48,11.98,40.74
"2023-06-26 15:09:52.4",229,0.3,1,0.01,21.48,11.98,40.74
"2023-06-26 15:09:52.6",230,-0.004112184,1,0.011,21.48,11.98,40.74
"2023-06-26 15:09:52.8",231,0.3,1,0.01,21.48,11.99,40.74
"2023-06-26 15:09:53",232,0.3,1,0.01,21.48,11.98,40.74
"2023-06-26 15:09:53.2",233,0.3000022,1,0.011,21.48,11.98,40.74
"2023-06-26 15:09:53.4",234,0.3,1,0.01,21.48,11.98,40.74
"2023-06-26 15:09:53.6",235,0.3,1,0.01,21.48,11.98,40.74
"2023-06-26 15:09:53.8",236,0.3000022,1,0.011,21.48,11.99,40.74
"2023-06-26 15:09:54",237,0.3,1,0.01,21.48,11.98,40.74
"2023-06-26 15:09:54.2",238,0.3,1,0.01,21.48,11.99,40.74
"2023-06-26 15:09:54.4",239,0.3000022,1,0.011,21.48,11.99,40.74
"2023-06-26 15:09:54.6",240,0.3,1,0.01,21.48,11.99,40.74
"2023-06-26 15:09:54.8",241,0.3,1,0.01,21.48,11.98,40.74
"2023-06-26 15:09:55",242,0.3000022,1,0.011,21.48,11.98,40.74
"2023-06-26 15:09:55.2",243,-0.0041143,1,0.01,21.48,11.98,40.74
"2023-06-26 15:09:55.4",244,0.3000022,1,0.011,21.48,11.99,40.7
"2023-06-26 15:09:55.6",245,0.3,1,0.011,21.48,11.98,40.74
"2023-06-26 15:09:55.8",246,0.3,1,0.01,21.48,11.98,40.74
"2023-06-26 15:09:56",247,0.3000022,1,0.011,21.48,11.99,40.74
"2023-06-26 15:09:56.2",248,0.3,1,0.011,21.48,11.98,40.74
"2023-06-26 15:09:56.4",249,0.3,1,0.01,21.48,11.98,40.74
"2023-06-26 15:09:56.6",250,0.3000022,1,0.011,21.48,11.98,40.74
"2023-06-26 15:09:56.8",251,0.3,1,0.011,21.48,11.98,40.74
"2023-06-26 15:09:57",252,0.3,1,0.01,21.48,11.98,40.7
"2023-06-26 15:09:57.2",253,0.3000022,1,0.011,21.48,11.99,40.74
"2023-06-26 15:09:57.4",254,0.3,1,0.011,21.48,11.98,40.74
"2023-06-26 15:09:57.6",255,0.3,1,0.01,21.48,11.98,40.74
"2023-06-26 15:09:57.8",256,-0.004112184,1,0.011,21.48,11.98,40.74
"2023-06-26 15:09:58",257,0.3,1,0.011,21.48,11.98,40.74
"2023-06-26 15:09:58.2",258,-0.3082265,1,0.01,21.48,11.98,40.74
"2023-06-26 15:09:58.4",259,0.3000022,1,0.011,21.48,11.98,40.74
"2023-06-26 15:09:58.6",260,0.3,1,0.011,21.48,11.98,40.7
"2023-06-26 15:09:58.8",261,0.3,1,0.01,21.48,11.98,40.74
"2023-06-26 15:09:59",262,0.3000022,1,0.011,21.48,11.98,40.74
"2023-06-26 15:09:59.2",263,0.3,1,0.011,21.48,11.98,40.7
"2023-06-26 15:09:59.4",264,0.3,1,0.01,21.48,11.98,40.74
"2023-06-26 15:09:59.6",265,0.3000022,1,0.011,21.48,11.98,40.74
"2023-06-26 15:09:59.8",266,0.3,1,0.011,21.48,11.98,40.7
"2023-06-26 15:10:00",267,0.3,1,0.01,21.48,11.98,40.7
"2023-06-26 15:10:00.2",268,-0.004112184,1,0.011,21.48,11.98,40.7
"2023-06-26 15:10:00.4",269,0.3,1,0.01,21.48,11.98,40.7
"2023-06-26 15:10:00.6",270,0.3,1,0.01,21.48,11.98,40.74
"2023-06-26 15:10:00.8",271,0.3000022,1,0.011,21.48,11.98,40.74
"2023-06-26 15:10:01",272,-0.3082254,1,0.01,21.48,11.98,40.7
"2023-06-26 15:10:01.2",273,0.3,1,0.01,21.48,11.99,40.74
"2023-06-26 15:10:01.4",274,0.3000022,1,0.011,21.51,11.98,40.7
"2023-06-26 15:10:01.6",275,-0.3082254,1,0.01,21.48,11.98,40.74
"2023-06-26 15:10:01.8",276,0.3,1,0.01,21.48,11.99,40.7
"2023-06-26 15:10:02",277,0.3000022,1,0.011,21.51,11.98,40.7
"2023-06-26 15:10:02.2",278,-0.3082254,1,0.01,21.51,11.98,40.74
"2023-06-26 15:10:02.4",279,0.3,1,0.01,21.51,11.98,40.7
"2023-06-26 15:10:02.6",280,-0.004112184,1,0.011,21.48,11.98,40.7
"2023-06-26 15:10:02.8",281,0.3,1,0.01,21.48,11.98,40.7
"2023-06-26 15:10:03",282,0.3,1,0.01,21.48,11.98,40.7
"2023-06-26 15:10:03.2",283,-0.004112184,1,0.011,21.51,11.98,40.7
"2023-06-26 15:10:03.4",284,-0.3082265,1,0.01,21.51,11.99,40.74
"2023-06-26 15:10:03.6",285,0.3000022,1,0.011,21.48,11.98,40.74
"2023-06-26 15:10:03.8",286,-0.3082254,1,0.011,21.48,11.98,40.7
"2023-06-26 15:10:04",287,0.3,1,0.01,21.48,11.98,40.7
"2023-06-26 15:10:04.2",288,0.3000022,1,0.011,21.48,11.98,40.7
"2023-06-26 15:10:04.4",289,-0.6123387,1,0.011,21.51,11.98,40.7
"2023-06-26 15:10:04.6",290,-0.3082254,1,0.01,21.48,11.98,40.7
"2023-06-26 15:10:04.8",291,-0.3082254,1,0.01,21.51,11.98,40.7
"2023-06-26 15:10:05",292,0.3000022,1,0.011,21.48,11.99,40.7
"2023-06-26 15:10:05.2",293,-0.3082254,1,0.01,21.48,11.98,40.74
"2023-06-26 15:10:05.4",294,-0.3082254,1,0.01,21.51,11.98,40.7
"2023-06-26 15:10:05.6",295,-0.3082244,1,0.011,21.48,11.98,40.7
"2023-06-26 15:10:05.8",296,-0.3082254,1,0.01,21.51,11.98,40.7
"2023-06-26 15:10:06",297,-0.3082254,1,0.01,21.48,11.99,40.7
"2023-06-26 15:10:06.2",298,0.3000022,1,0.011,21.51,11.98,40.7
"2023-06-26 15:10:06.4",299,-0.3082254,1,0.01,21.51,11.98,40.74
"2023-06-26 15:10:06.6",300,-0.3082254,1,0.01,21.48,11.98,40.7
"2023-06-26 15:10:06.8",301,0.3000022,1,0.011,21.51,11.98,40.7
"2023-06-26 15:10:07",302,-0.0041143,1,0.01,21.51,11.98,40.7
"2023-06-26 15:10:07.2",303,0.3000022,1,0.011,21.51,11.98,40.7
"2023-06-26 15:10:07.4",304,-0.3082254,1,0.011,21.51,11.98,40.7
"2023-06-26 15:10:07.6",305,-0.6123397,1,0.01,21.51,11.98,40.7
"2023-06-26 15:10:07.8",306,0.3000022,1,0.011,21.51,11.98,40.74
"2023-06-26 15:10:08",307,-0.004113227,1,0.011,21.51,11.98,40.7
"2023-06-26 15:10:08.2",308,-0.3082254,1,0.01,21.51,11.98,40.7
"2023-06-26 15:10:08.4",309,0.3000022,1,0.011,21.48,11.98,40.7
"2023-06-26 15:10:08.6",310,-0.3082254,1,0.011,21.51,11.98,40.7
"2023-06-26 15:10:08.8",311,-0.3082254,1,0.01,21.51,11.98,40.7
"2023-06-26 15:10:09",312,0.3000022,1,0.011,21.51,11.98,40.7
"2023-06-26 15:10:09.2",313,-0.3082254,1,0.011,21.51,11.98,40.7
"2023-06-26 15:10:09.4",314,-0.3082254,1,0.01,21.51,11.98,40.7
"2023-06-26 15:10:09.6",315,0.3000022,1,0.011,21.51,11.98,40.7
"2023-06-26 15:10:09.8",316,-0.3082254,1,0.011,21.51,11.98,40.7
"2023-06-26 15:10:10",317,-0.6123397,1,0.01,21.51,11.98,40.7
"2023-06-26 15:10:10.2",318,-0.3082244,1,0.011,21.51,11.99,40.7
"2023-06-26 15:10:10.4",319,-0.004113227,1,0.011,21.51,11.98,40.7
"2023-06-26 15:10:10.6",320,-0.6123397,1,0.01,21.51,11.98,40.7
"2023-06-26 15:10:10.8",321,-0.3082244,1,0.011,21.51,11.98,40.7
"2023-06-26 15:10:11",322,-0.3082254,1,0.011,21.51,11.98,40.7
"2023-06-26 15:10:11.2",323,-0.6123397,1,0.01,21.51,11.98,40.7
"2023-06-26 15:10:11.4",324,0.3000022,1,0.011,21.51,11.98,40.7
"2023-06-26 15:10:11.6",325,-0.6123397,1,0.01,21.51,11.98,40.7
"2023-06-26 15:10:11.8",326,-0.3082254,1,0.01,21.51,11.98,40.7
"2023-06-26 15:10:12",327,0.3000022,1,0.011,21.51,11.98,40.7
"2023-06-26 15:10:12.2",328,-0.3082254,1,0.01,21.51,11.98,40.7
"2023-06-26 15:10:12.4",329,-0.0041143,1,0.009,21.51,11.98,40.7
"2023-06-26 15:10:12.6",330,0.3000022,1,0.011,21.51,11.98,40.7
"2023-06-26 15:10:12.8",331,-0.3082254,1,0.01,21.51,11.99,40.7
"2023-06-26 15:10:13",332,0.3000022,1,0.011,21.51,11.98,40.7
"2023-06-26 15:10:13.2",333,0.3,1,0.011,21.51,11.98,40.7
"2023-06-26 15:10:13.4",334,-0.3082254,1,0.01,21.51,11.98,40.7
"2023-06-26 15:10:13.6",335,-0.004112184,1,0.011,21.51,11.98,40.7
"2023-06-26 15:10:13.8",336,-0.3082254,1,0.011,21.51,11.98,40.7
"2023-06-26 15:10:14",337,0.3,1,0.01,21.51,11.98,40.7
"2023-06-26 15:10:14.2",338,0.6041143,1,0.011,21.51,11.98,40.7
"2023-06-26 15:10:14.4",339,-0.004113227,1,0.011,21.51,11.98,40.7
"2023-06-26 15:10:14.6",340,-0.3082254,1,0.01,21.51,11.98,40.7
"2023-06-26 15:10:14.8",341,-0.3082244,1,0.012,21.51,11.98,40.7
"2023-06-26 15:10:15",342,-0.3082254,1,0.011,21.51,11.99,40.7
"2023-06-26 15:10:15.2",343,-0.3082254,1,0.01,21.51,11.98,40.7
"2023-06-26 15:10:15.4",344,0.3000022,1,0.012,21.51,11.98,40.7
"2023-06-26 15:10:15.6",345,-0.3082254,1,0.011,21.51,11.98,40.7
"2023-06-26 15:10:15.8",346,-0.3082254,1,0.01,21.51,11.98,40.7
"2023-06-26 15:10:16",347,0.3000022,1,0.012,21.51,11.98,40.7
"2023-06-26 15:10:16.2",348,0.3,1,0.011,21.51,11.99,40.67
"2023-06-26 15:10:16.4",349,0.3,1,0.01,21.51,11.98,40.7
"2023-06-26 15:10:16.6",350,0.3000022,1,0.012,21.51,11.98,40.7
"2023-06-26 15:10:16.8",351,-0.3082254,1,0.011,21.51,11.98,40.7
"2023-06-26 15:10:17",352,-0.3082254,1,0.01,21.51,11.98,40.7
"2023-06-26 15:10:17.2",353,0.3000022,1,0.012,21.51,11.98,40.7
"2023-06-26 15:10:17.4",354,0.3,1,0.011,21.51,11.98,40.7
"2023-06-26 15:10:17.6",355,-0.3082254,1,0.01,21.51,11.98,40.7
"2023-06-26 15:10:17.8",356,0.3000022,1,0.012,21.51,11.98,40.7
"2023-06-26 15:10:18",357,-0.3082254,1,0.011,21.51,11.98,40.7
"2023-06-26 15:10:18.2",358,0.3,1,0.01,21.51,11.98,40.7
"2023-06-26 15:10:18.4",359,0.3000022,1,0.012,21.51,11.98,40.67
"2023-06-26 15:10:18.6",360,0.3,1,0.011,21.51,11.98,40.7
"2023-06-26 15:10:18.8",361,-0.3082265,1,0.01,21.51,11.98,40.7
"2023-06-26 15:10:19",362,-0.004112184,1,0.011,21.51,11.98,40.67
"2023-06-26 15:10:19.2",363,0.3,1,0.011,21.51,11.98,40.7
"2023-06-26 15:10:19.4",364,-0.0041143,1,0.01,21.51,11.98,40.67
"2023-06-26 15:10:19.6",365,0.3000022,1,0.011,21.51,11.98,40.67
"2023-06-26 15:10:19.8",366,0.3,1,0.01,21.51,11.98,40.67
"2023-06-26 15:10:20",367,0.3,1,0.01,21.51,11.98,40.67
"2023-06-26 15:10:20.2",368,-0.004112184,1,0.011,21.51,11.98,40.7
"2023-06-26 15:10:20.4",369,0.3,1,0.01,21.51,11.98,40.67
"2023-06-26 15:10:20.6",370,-0.3082254,1,0.01,21.51,11.98,40.67
"2023-06-26 15:10:20.8",371,-0.004112184,1,0.011,21.53,11.98,40.67
"2023-06-26 15:10:21",372,-0.3082254,1,0.01,21.51,11.98,40.67
"2023-06-26 15:10:21.2",373,0.6041143,1,0.011,21.51,11.98,40.7
"2023-06-26 15:10:21.4",374,0.3,1,0.011,21.53,11.98,40.7
"2023-06-26 15:10:21.6",375,-0.3082254,1,0.01,21.51,11.98,40.67
"2023-06-26 15:10:21.8",376,-0.004112184,1,0.011,21.51,11.98,40.67
"2023-06-26 15:10:22",377,-0.0041143,1,0.01,21.53,11.98,40.67
"2023-06-26 15:10:22.2",378,0.3,1,0.01,21.51,11.98,40.67
"2023-06-26 15:10:22.4",379,0.3000022,1,0.011,21.53,11.98,40.7
"2023-06-26 15:10:22.6",380,0.3,1,0.01,21.53,11.98,40.67
"2023-06-26 15:10:22.8",381,-0.0041143,1,0.009,21.53,11.98,40.67
"2023-06-26 15:10:23",382,0.3000022,1,0.011,21.53,11.98,40.7
"2023-06-26 15:10:23.2",383,-0.3082254,1,0.01,21.53,11.98,40.67
"2023-06-26 15:10:23.4",384,0.3000022,1,0.012,21.53,11.98,40.7
"2023-06-26 15:10:23.6",385,-0.3082254,1,0.011,21.53,11.98,40.7
"2023-06-26 15:10:23.8",386,-0.3082254,1,0.01,21.53,11.98,40.67
"2023-06-26 15:10:24",387,0.3000022,1,0.012,21.53,11.98,40.7
"2023-06-26 15:10:24.2",388,-0.3082265,1,0.011,21.53,11.98,40.67
"2023-06-26 15:10:24.4",389,0.3,1,0.01,21.53,11.98,40.67
"2023-06-26 15:10:24.6",390,-0.004112184,1,0.011,21.53,11.98,40.67
"2023-06-26 15:10:24.8",391,-0.3082254,1,0.011,21.53,11.98,40.67
"2023-06-26 15:10:25",392,-0.3082254,1,0.01,21.53,11.98,40.67
"2023-06-26 15:10:25.2",393,-0.004112184,1,0.011,21.53,11.98,40.67
"2023-06-26 15:10:25.4",394,-0.0041143,1,0.01,21.53,11.98,40.67
"2023-06-26 15:10:25.6",395,0.3,1,0.01,21.53,11.98,40.67
"2023-06-26 15:10:25.8",396,-0.004112184,1,0.011,21.53,11.98,40.67
"2023-06-26 15:10:26",397,-0.3082254,1,0.01,21.53,11.98,40.67
"2023-06-26 15:10:26.2",398,0.3000022,1,0.012,21.53,11.98,40.67
"2023-06-26 15:10:26.4",399,-0.004113227,1,0.011,21.51,11.98,40.67
"2023-06-26 15:10:26.6",400,0.3,1,0.01,21.53,11.98,40.67
"2023-06-26 15:10:26.8",401,0.3,1,0.01,21.53,11.98,40.67
"2023-06-26 15:10:27",402,0.3000022,1,0.011,21.53,11.98,40.67
"2023-06-26 15:10:27.2",403,0.3,1,0.01,21.53,11.99,40.67
"2023-06-26 15:10:27.4",404,-0.3082254,1,0.01,21.53,11.99,40.67
"2023-06-26 15:10:27.6",405,0.3000022,1,0.011,21.53,11.98,40.67
"2023-06-26 15:10:27.8",406,0.3,1,0.01,21.53,11.98,40.67
"2023-06-26 15:10:28",407,0.3,1,0.01,21.53,11.98,40.7
"2023-06-26 15:10:28.2",408,0.3000022,1,0.011,21.53,11.98,40.67
"2023-06-26 15:10:28.4",409,-0.3082254,1,0.01,21.53,11.98,40.67
"2023-06-26 15:10:28.6",410,0.3,1,0.01,21.53,11.98,40.67
"2023-06-26 15:10:28.8",411,0.3000022,1,0.011,21.53,11.98,40.67
"2023-06-26 15:10:29",412,-0.3082254,1,0.01,21.53,11.98,40.67
"2023-06-26 15:10:29.2",413,-0.3082254,1,0.01,21.53,11.98,40.67
"2023-06-26 15:10:29.4",414,0.6041143,1,0.011,21.53,11.98,40.67
"2023-06-26 15:10:29.6",415,0.3,1,0.01,21.53,11.98,40.67
"2023-06-26 15:10:29.8",416,-0.004112184,1,0.011,21.53,11.98,40.67
"2023-06-26 15:10:30",417,0.3,1,0.011,21.53,11.98,40.67
"2023-06-26 15:10:30.2",418,-0.004113227,1,0.01,21.53,11.98,40.67
"2023-06-26 15:10:30.4",419,0.3000022,1,0.012,21.53,11.98,40.67
"2023-06-26 15:10:30.6",420,-0.3082254,1,0.011,21.53,11.98,40.67
"2023-06-26 15:10:30.8",421,-0.3082254,1,0.01,21.53,11.98,40.67
"2023-06-26 15:10:31",422,0.3000022,1,0.012,21.53,11.98,40.67
"2023-06-26 15:10:31.2",423,-0.3082254,1,0.011,21.53,11.98,40.67
"2023-06-26 15:10:31.4",424,0.3,1,0.01,21.53,11.98,40.67
"2023-06-26 15:10:31.6",425,0.3000022,1,0.012,21.53,11.98,40.67
"2023-06-26 15:10:31.8",426,-0.3082254,1,0.011,21.53,11.98,40.67
"2023-06-26 15:10:32",427,-0.3082254,1,0.01,21.53,11.98,40.67
"2023-06-26 15:10:32.2",428,0.3000022,1,0.012,21.53,11.98,40.67
"2023-06-26 15:10:32.4",429,0.3,1,0.011,21.53,11.98,40.67
"2023-06-26 15:10:32.6",430,-0.3082254,1,0.01,21.53,11.98,40.67
"2023-06-26 15:10:32.8",431,0.3000022,1,0.012,21.53,11.98,40.67
"2023-06-26 15:10:33",432,-0.3082254,1,0.011,21.53,11.98,40.67
"2023-06-26 15:10:33.2",433,-0.3082265,1,0.01,21.53,11.98,40.67
"2023-06-26 15:10:33.4",434,0.3000022,1,0.012,21.53,11.98,40.67
"2023-06-26 15:10:33.6",435,0.3,1,0.011,21.53,11.98,40.67
"2023-06-26 15:10:33.8",436,0.3,1,0.01,21.53,11.98,40.67
"2023-06-26 15:10:34",437,0.3000022,1,0.012,21.53,11.98,40.67
"2023-06-26 15:10:34.2",438,0.3,1,0.011,21.53,11.98,40.67
"2023-06-26 15:10:34.4",439,0.3,1,0.01,21.53,11.98,40.67
"2023-06-26 15:10:34.6",440,0.3000022,1,0.012,21.53,11.98,40.67
"2023-06-26 15:10:34.8",441,-0.3082254,1,0.011,21.53,11.98,40.67
"2023-06-26 15:10:35",442,-0.3082265,1,0.01,21.53,11.98,40.67
"2023-06-26 15:10:35.2",443,-0.004112184,1,0.011,21.53,11.98,40.67
"2023-06-26 15:10:35.4",444,-0.0041143,1,0.01,21.53,11.98,40.67
"2023-06-26 15:10:35.6",445,-0.3082265,1,0.01,21.53,11.98,40.67
"2023-06-26 15:10:35.8",446,0.3000022,1,0.011,21.53,11.98,40.67
"2023-06-26 15:10:36",447,-0.6123387,1,0.011,21.53,11.98,40.67
"2023-06-26 15:10:36.2",448,0.3,1,0.01,21.53,11.98,40.67
"2023-06-26 15:10:36.4",449,0.3000022,1,0.011,21.53,11.98,40.67
"2023-06-26 15:10:36.6",450,-0.3082254,1,0.011,21.53,11.98,40.67
"2023-06-26 15:10:36.8",451,-0.3082254,1,0.01,21.53,11.98,40.67
"2023-06-26 15:10:37",452,-0.004112184,1,0.011,21.53,11.98,40.67
"2023-06-26 15:10:37.2",453,0.3,1,0.01,21.53,11.98,40.67
"2023-06-26 15:10:37.4",454,-0.3082254,1,0.01,21.53,11.99,40.67
"2023-06-26 15:10:37.6",455,0.3000022,1,0.011,21.53,11.99,40.67
"2023-06-26 15:10:37.8",456,-0.004113227,1,0.011,21.53,11.98,40.67
"2023-06-26 15:10:38",457,-0.3082254,1,0.01,21.53,11.98,40.67
"2023-06-26 15:10:38.2",458,0.3000022,1,0.011,21.53,11.98,40.67
"2023-06-26 15:10:38.4",459,-0.3082265,1,0.011,21.53,11.98,40.67
"2023-06-26 15:10:38.6",460,0.3,1,0.01,21.53,11.98,40.67
"2023-06-26 15:10:38.8",461,-0.004112184,1,0.011,21.53,11.98,40.67
"2023-06-26 15:10:39",462,0.3,1,0.01,21.53,11.99,40.67
"2023-06-26 15:10:39.2",463,0.3,1,0.01,21.53,11.98,40.67
"2023-06-26 15:10:39.4",464,-0.004112184,1,0.011,21.53,11.98,40.67
"2023-06-26 15:10:39.6",465,0.3,1,0.01,21.53,11.98,40.67
"2023-06-26 15:10:39.8",466,-0.0041143,1,0.009,21.53,11.98,40.67
"2023-06-26 15:10:40",467,-0.004112184,1,0.011,21.53,11.98,40.67
"2023-06-26 15:10:40.2",468,-0.0041143,1,0.01,21.53,11.98,40.67
"2023-06-26 15:10:40.4",469,0.3000022,1,0.011,21.53,11.98,40.67
"2023-06-26 15:10:40.6",470,0.3,1,0.01,21.53,11.98,40.67
"2023-06-26 15:10:40.8",471,-0.004113227,1,0.01,21.53,11.98,40.67
"2023-06-26 15:10:41",472,0.3000022,1,0.011,21.53,11.98,40.67
"2023-06-26 15:10:41.2",473,0.3,1,0.011,21.53,11.98,40.67
"2023-06-26 15:10:41.4",474,0.3,1,0.01,21.53,11.98,40.67
"2023-06-26 15:10:41.6",475,-0.004112184,1,0.011,21.53,11.98,40.67
"2023-06-26 15:10:41.8",476,0.3,1,0.01,21.53,11.98,40.67
"2023-06-26 15:10:42",477,0.3,1,0.01,21.53,11.98,40.67
"2023-06-26 15:10:42.2",478,0.3000022,1,0.011,21.53,11.98,40.67
"2023-06-26 15:10:42.4",479,-0.3082254,1,0.01,21.53,11.98,40.67
"2023-06-26 15:10:42.6",480,0.3,1,0.01,21.53,11.98,40.67
"2023-06-26 15:10:42.8",481,0.3000022,1,0.011,21.53,11.98,40.67
"2023-06-26 15:10:43",482,-0.3082254,1,0.01,21.53,11.99,40.67
"2023-06-26 15:10:43.2",483,0.3,1,0.01,21.53,11.98,40.67
"2023-06-26 15:10:43.4",484,0.3000022,1,0.011,21.53,11.98,40.67
"2023-06-26 15:10:43.6",485,0.3,1,0.01,21.53,11.98,40.67
"2023-06-26 15:10:43.8",486,0.3,1,0.01,21.53,11.98,40.67
"2023-06-26 15:10:44",487,0.3000022,1,0.011,21.53,11.99,40.67
"2023-06-26 15:10:44.2",488,0.3,1,0.01,21.53,11.98,40.67
"2023-06-26 15:10:44.4",489,0.3,1,0.01,21.53,11.98,40.67
"2023-06-26 15:10:44.6",490,-0.004112184,1,0.011,21.53,11.98,40.67
"2023-06-26 15:10:44.8",491,0.3,1,0.01,21.53,11.98,40.67
"2023-06-26 15:10:45",492,0.3,1,0.01,21.56,11.98,40.67
"2023-06-26 15:10:45.2",493,0.3000022,1,0.011,21.53,11.98,40.67
"2023-06-26 15:10:45.4",494,-0.3082265,1,0.01,21.53,11.98,40.67
"2023-06-26 15:10:45.6",495,0.3,1,0.01,21.53,11.98,40.67
"2023-06-26 15:10:45.8",496,0.3000022,1,0.011,21.53,11.98,40.67
"2023-06-26 15:10:46",497,0.3,1,0.01,21.53,11.98,40.67
"2023-06-26 15:10:46.2",498,0.3,1,0.01,21.56,11.99,40.67
"2023-06-26 15:10:46.4",499,0.3000022,1,0.011,21.53,11.98,40.67
"2023-06-26 15:10:46.6",500,0.3,1,0.01,21.53,11.98,40.67
"2023-06-26 15:10:46.8",501,0.3,1,0.01,21.56,11.98,40.67
"2023-06-26 15:10:47",502,0.3000022,1,0.011,21.56,11.98,40.67
"2023-06-26 15:10:47.2",503,0.3,1,0.01,21.56,11.98,40.67
"2023-06-26 15:10:47.4",504,-0.3082254,1,0.01,21.56,11.98,40.67
"2023-06-26 15:10:47.6",505,-0.004112184,1,0.011,21.56,11.98,40.67
"2023-06-26 15:10:47.8",506,0.3,1,0.01,21.56,11.98,40.67
"2023-06-26 15:10:48",507,0.3000022,1,0.012,21.56,11.98,40.67
"2023-06-26 15:10:48.2",508,0.3,1,0.011,21.56,11.98,40.67
"2023-06-26 15:10:48.4",509,0.3,1,0.01,21.56,11.98,40.67
"2023-06-26 15:10:48.6",510,-0.004112184,1,0.011,21.56,11.99,40.67
"2023-06-26 15:10:48.8",511,0.3,1,0.011,21.56,11.98,40.67
"2023-06-26 15:10:49",512,-0.0041143,1,0.01,21.56,11.98,40.67
"2023-06-26 15:10:49.2",513,0.3000022,1,0.011,21.56,11.98,40.67
"2023-06-26 15:10:49.4",514,0.3,1,0.01,21.56,11.98,40.67
"2023-06-26 15:10:49.6",515,0.3,1,0.01,21.56,11.98,40.67
"2023-06-26 15:10:49.8",516,0.3000022,1,0.011,21.56,11.98,40.67
"2023-06-26 15:10:50",517,-0.0041143,1,0.01,21.56,11.98,40.67
"2023-06-26 15:10:50.2",518,0.3,1,0.01,21.56,11.98,40.67
"2023-06-26 15:10:50.4",519,0.3000022,1,0.011,21.56,11.98,40.67
"2023-06-26 15:10:50.6",520,0.3,1,0.01,21.56,11.98,40.67
"2023-06-26 15:10:50.8",521,0.3,1,0.01,21.56,11.98,40.67
"2023-06-26 15:10:51",522,0.3000022,1,0.011,21.56,11.98,40.67
"2023-06-26 15:10:51.2",523,-0.3082254,1,0.01,21.56,11.98,40.67
"2023-06-26 15:10:51.4",524,-0.0041143,1,0.009,21.56,11.98,40.67
"2023-06-26 15:10:51.6",525,0.3000022,1,0.011,21.56,11.98,40.67
"2023-06-26 15:10:51.8",526,0.3,1,0.01,21.56,11.98,40.67
"2023-06-26 15:10:52",527,0.3000022,1,0.012,21.56,11.99,40.67
"2023-06-26 15:10:52.2",528,-0.3082254,1,0.011,21.56,11.99,40.67
"2023-06-26 15:10:52.4",529,0.3,1,0.01,21.56,11.98,40.67
"2023-06-26 15:10:52.6",530,0.3000022,1,0.012,21.56,11.98,40.67
"2023-06-26 15:10:52.8",531,-0.0041143,1,0.011,21.56,11.98,40.67
"2023-06-26 15:10:53",532,0.3,1,0.01,21.56,11.98,40.67
"2023-06-26 15:10:53.2",533,0.3000022,1,0.011,21.56,11.98,40.67
"2023-06-26 15:10:53.4",534,0.3,1,0.011,21.56,11.98,40.67
"2023-06-26 15:10:53.6",535,0.3,1,0.01,21.56,11.98,40.67
"2023-06-26 15:10:53.8",536,-0.004112184,1,0.011,21.56,11.98,40.67
"2023-06-26 15:10:54",537,0.3,1,0.01,21.56,11.98,40.67
"2023-06-26 15:10:54.2",538,0.3,1,0.01,21.56,11.98,40.67
"2023-06-26 15:10:54.4",539,0.3000022,1,0.011,21.56,11.98,40.67
"2023-06-26 15:10:54.6",540,0.3,1,0.01,21.56,11.98,40.67
"2023-06-26 15:10:54.8",541,0.3,1,0.01,21.56,11.98,40.67
"2023-06-26 15:10:55",542,0.3000022,1,0.011,21.56,11.98,40.67
"2023-06-26 15:10:55.2",543,0.3,1,0.01,21.56,11.98,40.67
"2023-06-26 15:10:55.4",544,0.3,1,0.01,21.56,11.98,40.67
"2023-06-26 15:10:55.6",545,0.3000022,1,0.011,21.56,11.98,40.67
"2023-06-26 15:10:55.8",546,0.3,1,0.01,21.56,11.98,40.67
"2023-06-26 15:10:56",547,0.3,1,0.01,21.56,11.99,40.67
"2023-06-26 15:10:56.2",548,0.3000022,1,0.011,21.56,11.98,40.67
"2023-06-26 15:10:56.4",549,0.3,1,0.01,21.56,11.98,40.67
"2023-06-26 15:10:56.6",550,0.3,1,0.01,21.56,11.98,40.67
"2023-06-26 15:10:56.8",551,-0.004112184,1,0.011,21.56,11.98,40.67
"2023-06-26 15:10:57",552,0.3,1,0.01,21.56,11.98,40.67
"2023-06-26 15:10:57.2",553,-0.0041143,1,0.009,21.56,11.98,40.67
"2023-06-26 15:10:57.4",554,0.3000022,1,0.011,21.56,11.98,40.67
"2023-06-26 15:10:57.6",555,0.3,1,0.01,21.56,11.98,40.67
"2023-06-26 15:10:57.8",556,0.3000022,1,0.012,21.56,11.98,40.67
"2023-06-26 15:10:58",557,-0.3082265,1,0.011,21.56,11.98,40.67
"2023-06-26 15:10:58.2",558,0.3,1,0.01,21.56,11.98,40.67
"2023-06-26 15:10:58.4",559,-0.004112184,1,0.011,21.56,11.98,40.67
"2023-06-26 15:10:58.6",560,0.3,1,0.011,21.56,11.98,40.67
"2023-06-26 15:10:58.8",561,-0.3082254,1,0.01,21.56,11.98,40.67
"2023-06-26 15:10:59",562,0.3000022,1,0.011,21.56,11.98,40.67
"2023-06-26 15:10:59.2",563,0.3,1,0.011,21.59,11.98,40.67
"2023-06-26 15:10:59.4",564,-0.3082254,1,0.01,21.56,11.98,40.67
"2023-06-26 15:10:59.6",565,0.3000022,1,0.011,21.56,11.98,40.67
"2023-06-26 15:10:59.8",566,0.3,1,0.011,21.56,11.98,40.67
"2023-06-26 15:11:00",567,0.3,1,0.01,21.59,11.98,40.67
"2023-06-26 15:11:00.2",568,0.3000022,1,0.011,21.59,11.99,40.67
"2023-06-26 15:11:00.4",569,0.3,1,0.011,21.56,11.98,40.67
"2023-06-26 15:11:00.6",570,0.3,1,0.01,21.56,11.98,40.67
"2023-06-26 15:11:00.8",571,0.3000022,1,0.011,21.56,11.98,40.67
"2023-06-26 15:11:01",572,0.3,1,0.011,21.59,11.98,40.67
"2023-06-26 15:11:01.2",573,0.3,1,0.01,21.56,11.98,40.67
"2023-06-26 15:11:01.4",574,0.3000022,1,0.011,21.59,11.98,40.67
"2023-06-26 15:11:01.6",575,0.3,1,0.011,21.59,11.98,40.67
"2023-06-26 15:11:01.8",576,0.3,1,0.01,21.59,11.98,40.67
"2023-06-26 15:11:02",577,0.3000022,1,0.011,21.59,11.98,40.63
"2023-06-26 15:11:02.2",578,0.3,1,0.011,21.56,11.98,40.67
"2023-06-26 15:11:02.4",579,0.3,1,0.01,21.59,11.98,40.67
"2023-06-26 15:11:02.6",580,0.3000022,1,0.011,21.56,11.98,40.63
"2023-06-26 15:11:02.8",581,0.3,1,0.011,21.59,11.98,40.67
"2023-06-26 15:11:03",582,0.3,1,0.01,21.59,11.98,40.67
"2023-06-26 15:11:03.2",583,0.3000022,1,0.011,21.59,11.98,40.67
"2023-06-26 15:11:03.4",584,-0.3082254,1,0.011,21.59,11.98,40.63
"2023-06-26 15:11:03.6",585,0.3,1,0.01,21.59,11.98,40.67
"2023-06-26 15:11:03.8",586,0.3000022,1,0.011,21.59,11.98,40.67
"2023-06-26 15:11:04",587,-0.004113227,1,0.011,21.59,11.98,40.67
"2023-06-26 15:11:04.2",588,0.3,1,0.01,21.56,11.98,40.67
"2023-06-26 15:11:04.4",589,0.3000022,1,0.012,21.56,11.99,40.63
"2023-06-26 15:11:04.6",590,0.3,1,0.011,21.59,11.98,40.67
"2023-06-26 15:11:04.8",591,-0.3082254,1,0.01,21.59,11.99,40.67
"2023-06-26 15:11:05",592,-0.004112184,1,0.011,21.59,11.98,40.67
"2023-06-26 15:11:05.2",593,-0.3082254,1,0.011,21.59,11.99,40.67
"2023-06-26 15:11:05.4",594,-0.3082254,1,0.01,21.56,11.98,40.63
"2023-06-26 15:11:05.6",595,0.3000022,1,0.011,21.59,11.98,40.63
"2023-06-26 15:11:05.8",596,0.3,1,0.011,21.59,11.98,40.63
"2023-06-26 15:11:06",597,0.3,1,0.01,21.59,11.99,40.63
"2023-06-26 15:11:06.2",598,0.3000022,1,0.011,21.59,11.99,40.63
"2023-06-26 15:11:06.4",599,0.3,1,0.011,21.59,11.98,40.67
"2023-06-26 15:11:06.6",600,-0.3082254,1,0.01,21.59,11.98,40.63
"2023-06-26 15:11:06.8",601,0.3000022,1,0.011,21.59,11.98,40.67
"2023-06-26 15:11:07",602,0.3,1,0.011,21.59,11.98,40.63
"2023-06-26 15:11:07.2",603,0.3,1,0.01,21.59,11.98,40.67
"2023-06-26 15:11:07.4",604,-0.004112184,1,0.011,21.59,11.98,40.67
"2023-06-26 15:11:07.6",605,-0.0041143,1,0.01,21.59,11.98,40.67
"2023-06-26 15:11:07.8",606,0.3,1,0.01,21.59,11.98,40.63
"2023-06-26 15:11:08",607,0.3000022,1,0.011,21.59,11.98,40.63
"2023-06-26 15:11:08.2",608,-0.3082265,1,0.01,21.59,11.98,40.63
"2023-06-26 15:11:08.4",609,0.3,1,0.01,21.59,11.98,40.63
"2023-06-26 15:11:08.6",610,0.3000022,1,0.011,21.59,11.98,40.63
"2023-06-26 15:11:08.8",611,0.3,1,0.01,21.59,11.98,40.63
"2023-06-26 15:11:09",612,0.3,1,0.01,21.59,11.98,40.63
"2023-06-26 15:11:09.2",613,0.3000022,1,0.011,21.59,11.98,40.63
"2023-06-26 15:11:09.4",614,0.3,1,0.01,21.59,11.98,40.63
"2023-06-26 15:11:09.6",615,-0.0041143,1,0.009,21.59,11.98,40.63
"2023-06-26 15:11:09.8",616,0.3000022,1,0.011,21.59,11.98,40.63
"2023-06-26 15:11:10",617,0.3,1,0.01,21.59,11.99,40.63
"2023-06-26 15:11:10.2",618,0.3000022,1,0.012,21.59,11.98,40.63
"2023-06-26 15:11:10.4",619,0.3,1,0.011,21.59,11.98,40.67
"2023-06-26 15:11:10.6",620,0.3,1,0.01,21.59,11.98,40.63
"2023-06-26 15:11:10.8",621,0.3000022,1,0.012,21.59,11.98,40.63
"2023-06-26 15:11:11",622,0.3,1,0.011,21.59,11.98,40.63
"2023-06-26 15:11:11.2",623,0.3,1,0.01,21.59,11.98,40.63
"2023-06-26 15:11:11.4",624,0.3000022,1,0.012,21.59,11.98,40.63
"2023-06-26 15:11:11.6",625,0.3,1,0.011,21.59,11.98,40.63
"2023-06-26 15:11:11.8",626,-0.0041143,1,0.01,21.59,11.98,40.63
"2023-06-26 15:11:12",627,0.3000022,1,0.011,21.59,11.98,40.63
"2023-06-26 15:11:12.2",628,-0.0041143,1,0.01,21.59,11.98,40.63
"2023-06-26 15:11:12.4",629,0.3,1,0.01,21.59,11.98,40.63
"2023-06-26 15:11:12.6",630,0.3000022,1,0.011,21.59,11.98,40.63
"2023-06-26 15:11:12.8",631,0.3,1,0.01,21.59,11.98,40.63
"2023-06-26 15:11:13",632,-0.3082254,1,0.01,21.59,11.98,40.63
"2023-06-26 15:11:13.2",633,0.3000022,1,0.011,21.59,11.98,40.63
"2023-06-26 15:11:13.4",634,0.3,1,0.01,21.59,11.98,40.63
"2023-06-26 15:11:13.6",635,-0.3082254,1,0.01,21.59,11.98,40.63
"2023-06-26 15:11:13.8",636,0.3000022,1,0.011,21.59,11.98,40.63
"2023-06-26 15:11:14",637,-0.3082254,1,0.01,21.59,11.98,40.63
"2023-06-26 15:11:14.2",638,-0.3082254,1,0.01,21.59,11.98,40.63
"2023-06-26 15:11:14.4",639,0.3000022,1,0.011,21.59,11.98,40.63
"2023-06-26 15:11:14.6",640,-0.3082254,1,0.01,21.59,11.98,40.63
"2023-06-26 15:11:14.8",641,0.3,1,0.01,21.59,11.98,40.63
"2023-06-26 15:11:15",642,0.3000022,1,0.011,21.59,11.98,40.63
"2023-06-26 15:11:15.2",643,0.3,1,0.01,21.59,11.99,40.63
"2023-06-26 15:11:15.4",644,0.3,1,0.01,21.59,11.98,40.63
"2023-06-26 15:11:15.6",645,0.3000022,1,0.011,21.59,11.98,40.63
"2023-06-26 15:11:15.8",646,0.3,1,0.01,21.59,11.98,40.63
"2023-06-26 15:11:16",647,0.3,1,0.01,21.59,11.98,40.63
"2023-06-26 15:11:16.2",648,-0.004112184,1,0.011,21.59,11.98,40.63
"2023-06-26 15:11:16.4",649,0.3,1,0.01,21.59,11.98,40.63
"2023-06-26 15:11:16.6",650,0.3,1,0.01,21.59,11.98,40.63
"2023-06-26 15:11:16.8",651,0.3000022,1,0.011,21.59,11.98,40.63
"2023-06-26 15:11:17",652,0.3,1,0.01,21.59,11.99,40.63
"2023-06-26 15:11:17.2",653,0.3,1,0.01,21.59,11.98,40.63
"2023-06-26 15:11:17.4",654,0.3000022,1,0.011,21.59,11.98,40.63
"2023-06-26 15:11:17.6",655,0.3,1,0.01,21.59,11.98,40.63
"2023-06-26 15:11:17.8",656,-0.3082254,1,0.01,21.59,11.98,40.63
"2023-06-26 15:11:18",657,0.3000022,1,0.011,21.59,11.98,40.63
"2023-06-26 15:11:18.2",658,0.3,1,0.01,21.59,11.98,40.63
"2023-06-26 15:11:18.4",659,-0.004113227,1,0.01,21.59,11.98,40.63
"2023-06-26 15:11:18.6",660,0.3000022,1,0.011,21.59,11.98,40.63
"2023-06-26 15:11:18.8",661,0.3,1,0.01,21.59,11.98,40.63
"2023-06-26 15:11:19",662,0.3,1,0.01,21.59,11.98,40.63
"2023-06-26 15:11:19.2",663,0.3000022,1,0.011,21.59,11.98,40.63
"2023-06-26 15:11:19.4",664,0.3,1,0.01,21.59,11.98,40.63
"2023-06-26 15:11:19.6",665,-0.004113227,1,0.01,21.59,11.98,40.63
"2023-06-26 15:11:19.8",666,0.3000022,1,0.011,21.59,11.98,40.63
"2023-06-26 15:11:20",667,-0.004113227,1,0.011,21.59,11.98,40.63
"2023-06-26 15:11:20.2",668,0.3,1,0.01,21.59,11.98,40.63
"2023-06-26 15:11:20.4",669,0.3000022,1,0.012,21.59,11.98,40.63
"2023-06-26 15:11:20.6",670,-0.004113227,1,0.011,21.59,11.98,40.63
"2023-06-26 15:11:20.8",671,0.3,1,0.01,21.59,11.99,40.63
"2023-06-26 15:11:21",672,-0.3082254,1,0.01,21.59,11.98,40.63
"2023-06-26 15:11:21.2",673,-0.004112184,1,0.011,21.59,11.98,40.63
"2023-06-26 15:11:21.4",674,-0.3082254,1,0.01,21.59,11.98,40.63
"2023-06-26 15:11:21.6",675,0.3000022,1,0.012,21.59,11.98,40.63
"2023-06-26 15:11:21.8",676,0.3,1,0.011,21.59,11.98,40.63
"2023-06-26 15:11:22",677,0.3,1,0.01,21.59,11.98,40.63
"2023-06-26 15:11:22.2",678,0.3000022,1,0.012,21.59,11.98,40.63
"2023-06-26 15:11:22.4",679,0.3,1,0.011,21.59,11.98,40.63
"2023-06-26 15:11:22.6",680,0.3,1,0.01,21.59,11.98,40.63
"2023-06-26 15:11:22.8",681,-0.004112184,1,0.011,21.59,11.98,40.63
"2023-06-26 15:11:23",682,0.3,1,0.011,21.59,11.98,40.63
"2023-06-26 15:11:23.2",683,0.3,1,0.01,21.59,11.98,40.63
"2023-06-26 15:11:23.4",684,0.3000022,1,0.011,21.59,11.98,40.63
"2023-06-26 15:11:23.6",685,0.3,1,0.011,21.59,11.98,40.63
"2023-06-26 15:11:23.8",686,0.3,1,0.01,21.59,11.98,40.63
"2023-06-26 15:11:24",687,0.3000022,1,0.011,21.59,11.98,40.63
"2023-06-26 15:11:24.2",688,0.3,1,0.011,21.59,11.98,40.63
"2023-06-26 15:11:24.4",689,-0.3082265,1,0.01,21.59,11.98,40.63
"2023-06-26 15:11:24.6",690,0.3000022,1,0.011,21.59,11.98,40.63
"2023-06-26 15:11:24.8",691,-0.3082254,1,0.011,21.62,11.98,40.63
"2023-06-26 15:11:25",692,0.3,1,0.01,21.59,11.99,40.63
"2023-06-26 15:11:25.2",693,0.3000022,1,0.011,21.59,11.99,40.63
"2023-06-26 15:11:25.4",694,0.3,1,0.011,21.62,11.98,40.63
"2023-06-26 15:11:25.6",695,0.3,1,0.01,21.59,11.98,40.63
"2023-06-26 15:11:25.8",696,0.3000022,1,0.011,21.59,11.98,40.63
"2023-06-26 15:11:26",697,0.3,1,0.011,21.62,11.98,40.63
"2023-06-26 15:11:26.2",698,0.3,1,0.01,21.62,11.98,40.63
"2023-06-26 15:11:26.4",699,0.3000022,1,0.011,21.62,11.98,40.63
"2023-06-26 15:11:26.6",700,0.3,1,0.011,21.59,11.98,40.63
"2023-06-26 15:11:26.8",701,0.3,1,0.01,21.59,11.98,40.63
"2023-06-26 15:11:27",702,0.3000022,1,0.011,21.59,11.98,40.63
"2023-06-26 15:11:27.2",703,-0.3082254,1,0.011,21.59,11.99,40.63
"2023-06-26 15:11:27.4",704,0.3,1,0.01,21.59,11.98,40.63
"2023-06-26 15:11:27.6",705,0.3000022,1,0.011,21.62,11.98,40.63
"2023-06-26 15:11:27.8",706,-0.004113227,1,0.011,21.62,11.98,40.63
"2023-06-26 15:11:28",707,0.3,1,0.01,21.59,11.98,40.63
"2023-06-26 15:11:28.2",708,0.3000022,1,0.012,21.59,11.98,40.63
"2023-06-26 15:11:28.4",709,-0.3082254,1,0.011,21.62,11.98,40.63
"2023-06-26 15:11:28.6",710,0.3,1,0.01,21.62,11.98,40.63
"2023-06-26 15:11:28.8",711,0.3000022,1,0.012,21.62,11.98,40.63
"2023-06-26 15:11:29",712,-0.3082254,1,0.011,21.62,11.98,40.63
"2023-06-26 15:11:29.2",713,0.3,1,0.01,21.62,11.98,40.63
"2023-06-26 15:11:29.4",714,-0.004112184,1,0.011,21.62,11.99,40.63
"2023-06-26 15:11:29.6",715,0.3,1,0.011,21.59,11.98,40.63
"2023-06-26 15:11:29.8",716,-0.0041143,1,0.01,21.62,11.98,40.63
"2023-06-26 15:11:30",717,0.3000022,1,0.011,21.59,11.98,40.63
"2023-06-26 15:11:30.2",718,0.3,1,0.01,21.62,11.98,40.63
"2023-06-26 15:11:30.4",719,0.3,1,0.01,21.62,11.98,40.63
"2023-06-26 15:11:30.6",720,0.3000022,1,0.011,21.59,11.98,40.63
"2023-06-26 15:11:30.8",721,0.3,1,0.01,21.59,11.98,40.63
"2023-06-26 15:11:31",722,-0.004113227,1,0.01,21.62,11.99,40.63
"2023-06-26 15:11:31.2",723,0.3000022,1,0.011,21.62,11.98,40.63
"2023-06-26 15:11:31.4",724,0.3,1,0.011,21.62,11.98,40.63
"2023-06-26 15:11:31.6",725,0.3,1,0.01,21.62,11.98,40.63
"2023-06-26 15:11:31.8",726,0.3000022,1,0.011,21.62,11.98,40.63
"2023-06-26 15:11:32",727,0.3,1,0.011,21.62,11.98,40.63
"2023-06-26 15:11:32.2",728,0.3,1,0.01,21.59,11.98,40.63
"2023-06-26 15:11:32.4",729,0.3000022,1,0.011,21.62,11.98,40.63
"2023-06-26 15:11:32.6",730,0.3,1,0.011,21.62,11.98,40.63
"2023-06-26 15:11:32.8",731,-0.3082254,1,0.01,21.62,11.98,40.63
"2023-06-26 15:11:33",732,0.3000022,1,0.011,21.62,11.98,40.63
"2023-06-26 15:11:33.2",733,0.3,1,0.011,21.62,11.98,40.63
"2023-06-26 15:11:33.4",734,-0.0041143,1,0.01,21.62,11.98,40.63
"2023-06-26 15:11:33.6",735,-0.004112184,1,0.011,21.62,11.98,40.63
"2023-06-26 15:11:33.8",736,0.3,1,0.01,21.62,11.98,40.63
"2023-06-26 15:11:34",737,0.3,1,0.01,21.62,11.98,40.63
"2023-06-26 15:11:34.2",738,0.3000022,1,0.011,21.62,11.98,40.63
"2023-06-26 15:11:34.4",739,0.3,1,0.01,21.62,11.98,40.63
"2023-06-26 15:11:34.6",740,0.3,1,0.01,21.62,11.98,40.63
"2023-06-26 15:11:34.8",741,0.3000022,1,0.011,21.62,11.98,40.63
"2023-06-26 15:11:35",742,-0.3082254,1,0.01,21.62,11.98,40.63
"2023-06-26 15:11:35.2",743,0.3,1,0.01,21.62,11.98,40.63
"2023-06-26 15:11:35.4",744,0.3000022,1,0.011,21.62,11.98,40.63
"2023-06-26 15:11:35.6",745,-0.3082254,1,0.01,21.62,11.98,40.63
"2023-06-26 15:11:35.8",746,0.3,1,0.01,21.62,11.98,40.63
"2023-06-26 15:11:36",747,0.3000022,1,0.011,21.62,11.98,40.63
"2023-06-26 15:11:36.2",748,-0.3082254,1,0.01,21.62,11.98,40.63
"2023-06-26 15:11:36.4",749,0.3,1,0.01,21.62,11.98,40.63
"2023-06-26 15:11:36.6",750,0.3000022,1,0.011,21.62,11.99,40.63
"2023-06-26 15:11:36.8",751,0.3,1,0.01,21.62,11.98,40.63
"2023-06-26 15:11:37",752,-0.0041143,1,0.009,21.62,11.98,40.63
"2023-06-26 15:11:37.2",753,-0.004112184,1,0.011,21.62,11.98,40.63
"2023-06-26 15:11:37.4",754,-0.0041143,1,0.01,21.62,11.98,40.63
"2023-06-26 15:11:37.6",755,0.3000022,1,0.011,21.62,11.98,40.63
"2023-06-26 15:11:37.8",756,0.3,1,0.01,21.62,11.98,40.63
"2023-06-26 15:11:38",757,0.3,1,0.01,21.62,11.98,40.63
"2023-06-26 15:11:38.2",758,0.3000022,1,0.011,21.62,11.98,40.63
"2023-06-26 15:11:38.4",759,0.3,1,0.01,21.62,11.98,40.63
"2023-06-26 15:11:38.6",760,0.3,1,0.01,21.62,11.98,40.63
"2023-06-26 15:11:38.8",761,0.3000022,1,0.011,21.62,11.99,40.63
"2023-06-26 15:11:39",762,0.3,1,0.01,21.62,11.98,40.63
"2023-06-26 15:11:39.2",763,0.3,1,0.01,21.62,11.98,40.63
"2023-06-26 15:11:39.4",764,-0.004112184,1,0.011,21.62,11.98,40.63
"2023-06-26 15:11:39.6",765,0.3,1,0.01,21.62,11.98,40.63
"2023-06-26 15:11:39.8",766,0.3,1,0.01,21.62,11.98,40.6
"2023-06-26 15:11:40",767,0.3000022,1,0.011,21.62,11.98,40.63
"2023-06-26 15:11:40.2",768,0.3,1,0.01,21.62,11.99,40.63
"2023-06-26 15:11:40.4",769,0.3,1,0.01,21.62,11.98,40.6
"2023-06-26 15:11:40.6",770,0.3000022,1,0.011,21.62,11.98,40.6
"2023-06-26 15:11:40.8",771,0.3,1,0.01,21.62,11.98,40.63
"2023-06-26 15:11:41",772,0.3,1,0.01,21.62,11.98,40.6
"2023-06-26 15:11:41.2",773,-0.004112184,1,0.011,21.62,11.98,40.63
"2023-06-26 15:11:41.4",774,0.3,1,0.01,21.62,11.98,40.63
"2023-06-26 15:11:41.6",775,-0.004112184,1,0.011,21.62,11.98,40.6
"2023-06-26 15:11:41.8",776,0.3,1,0.011,21.62,11.98,40.63
"2023-06-26 15:11:42",777,-0.3082254,1,0.01,21.62,11.98,40.63
"2023-06-26 15:11:42.2",778,0.3000022,1,0.011,21.62,11.98,40.63
"2023-06-26 15:11:42.4",779,0.3,1,0.011,21.62,11.98,40.63
"2023-06-26 15:11:42.6",780,0.3,1,0.01,21.62,11.98,40.6
"2023-06-26 15:11:42.8",781,0.3000022,1,0.011,21.62,11.98,40.63
"2023-06-26 15:11:43",782,-0.3082254,1,0.011,21.62,11.98,40.63
"2023-06-26 15:11:43.2",783,-0.3082254,1,0.01,21.62,11.98,40.6
"2023-06-26 15:11:43.4",784,0.3000022,1,0.011,21.62,11.98,40.63
"2023-06-26 15:11:43.6",785,0.3,1,0.011,21.62,11.98,40.63
"2023-06-26 15:11:43.8",786,-0.004113227,1,0.01,21.62,11.98,40.63
"2023-06-26 15:11:44",787,0.3000022,1,0.011,21.62,11.98,40.6
"2023-06-26 15:11:44.2",788,-0.004113227,1,0.011,21.62,11.98,40.63
"2023-06-26 15:11:44.4",789,-0.3082254,1,0.01,21.62,11.98,40.63
"2023-06-26 15:11:44.6",790,-0.3082254,1,0.01,21.62,11.98,40.63
"2023-06-26 15:11:44.8",791,0.3000022,1,0.011,21.62,11.98,40.63
"2023-06-26 15:11:45",792,-0.3082254,1,0.01,21.64,11.98,40.63
"2023-06-26 15:11:45.2",793,-0.3082254,1,0.01,21.62,11.98,40.63
"2023-06-26 15:11:45.4",794,0.3000022,1,0.011,21.62,11.98,40.63
"2023-06-26 15:11:45.6",795,0.3,1,0.01,21.62,11.99,40.63
"2023-06-26 15:11:45.8",796,-0.004113227,1,0.01,21.62,11.98,40.6
"2023-06-26 15:11:46",797,0.3000022,1,0.011,21.64,11.98,40.63
"2023-06-26 15:11:46.2",798,-0.3082254,1,0.01,21.64,11.99,40.6
"2023-06-26 15:11:46.4",799,0.3,1,0.01,21.62,11.98,40.63
"2023-06-26 15:11:46.6",800,0.3000022,1,0.011,21.64,11.98,40.6
"2023-06-26 15:11:46.8",801,-0.3082254,1,0.01,21.62,11.98,40.6
"2023-06-26 15:11:47",802,-0.3082254,1,0.01,21.62,11.98,40.63
"2023-06-26 15:11:47.2",803,-0.004112184,1,0.011,21.62,11.98,40.6
"2023-06-26 15:11:47.4",804,0.3,1,0.01,21.62,11.98,40.6
"2023-06-26 15:11:47.6",805,-0.3082254,1,0.01,21.64,11.98,40.6
"2023-06-26 15:11:47.8",806,0.3000022,1,0.011,21.64,11.98,40.6
"2023-06-26 15:11:48",807,0.3,1,0.01,21.64,11.99,40.6
"2023-06-26 15:11:48.2",808,0.3,1,0.01,21.64,11.98,40.6
"2023-06-26 15:11:48.4",809,0.3000022,1,0.011,21.64,11.98,40.6
"2023-06-26 15:11:48.6",810,-0.3082254,1,0.01,21.64,11.98,40.63
"2023-06-26 15:11:48.8",811,0.3,1,0.01,21.64,11.99,40.6
"2023-06-26 15:11:49",812,0.3000022,1,0.011,21.64,11.98,40.63
"2023-06-26 15:11:49.2",813,-0.3082254,1,0.01,21.64,11.98,40.6
"2023-06-26 15:11:49.4",814,-0.3082254,1,0.01,21.64,11.98,40.6
"2023-06-26 15:11:49.6",815,0.3000022,1,0.011,21.64,11.98,40.6
"2023-06-26 15:11:49.8",816,-0.3082254,1,0.01,21.64,11.98,40.6
"2023-06-26 15:11:50",817,-0.3082254,1,0.01,21.64,11.98,40.6
"2023-06-26 15:11:50.2",818,0.3000022,1,0.011,21.64,11.98,40.63
"2023-06-26 15:11:50.4",819,-0.3082254,1,0.01,21.64,11.98,40.6
"2023-06-26 15:11:50.6",820,0.3,1,0.01,21.64,11.98,40.6
"2023-06-26 15:11:50.8",821,0.3000022,1,0.011,21.64,11.98,40.6
"2023-06-26 15:11:51",822,-0.3082254,1,0.01,21.64,11.98,40.6
"2023-06-26 15:11:51.2",823,-0.3082254,1,0.01,21.64,11.98,40.6
"2023-06-26 15:11:51.4",824,0.3000022,1,0.011,21.64,11.98,40.6
"2023-06-26 15:11:51.6",825,-0.3082254,1,0.01,21.64,11.98,40.6
"2023-06-26 15:11:51.8",826,-0.3082254,1,0.01,21.64,11.98,40.6
"2023-06-26 15:11:52",827,0.3000022,1,0.011,21.64,11.98,40.6
"2023-06-26 15:11:52.2",828,-0.3082254,1,0.01,21.64,11.98,40.6
"2023-06-26 15:11:52.4",829,-0.3082254,1,0.01,21.64,11.98,40.6
"2023-06-26 15:11:52.6",830,-0.004112184,1,0.011,21.64,11.98,40.6
"2023-06-26 15:11:52.8",831,0.3,1,0.01,21.64,11.98,40.6
"2023-06-26 15:11:53",832,0.3000022,1,0.011,21.64,11.98,40.6
"2023-06-26 15:11:53.2",833,0.3,1,0.011,21.64,11.98,40.6
"2023-06-26 15:11:53.4",834,0.3,1,0.01,21.64,11.98,40.6
"2023-06-26 15:11:53.6",835,0.3000022,1,0.011,21.64,11.98,40.6
"2023-06-26 15:11:53.8",836,0.3,1,0.011,21.64,11.98,40.6
"2023-06-26 15:11:54",837,0.3,1,0.01,21.64,11.98,40.6
"2023-06-26 15:11:54.2",838,0.3000022,1,0.011,21.64,11.98,40.6
"2023-06-26 15:11:54.4",839,0.3,1,0.011,21.64,11.98,40.6
"2023-06-26 15:11:54.6",840,0.3,1,0.01,21.64,11.98,40.6
"2023-06-26 15:11:54.8",841,0.3000022,1,0.011,21.64,11.98,40.6
"2023-06-26 15:11:55",842,-0.3082254,1,0.011,21.64,11.98,40.6
"2023-06-26 15:11:55.2",843,-0.0041143,1,0.01,21.64,11.98,40.6
"2023-06-26 15:11:55.4",844,0.3000022,1,0.011,21.64,11.98,40.6
"2023-06-26 15:11:55.6",845,0.3,1,0.011,21.64,11.98,40.6
"2023-06-26 15:11:55.8",846,0.3,1,0.01,21.64,11.98,40.6
"2023-06-26 15:11:56",847,-0.004112184,1,0.011,21.64,11.98,40.6
"2023-06-26 15:11:56.2",848,0.3,1,0.01,21.64,11.98,40.6
"2023-06-26 15:11:56.4",849,-0.3082254,1,0.01,21.64,11.98,40.6
"2023-06-26 15:11:56.6",850,0.3000022,1,0.011,21.64,11.98,40.6
"2023-06-26 15:11:56.8",851,-0.0041143,1,0.01,21.64,11.98,40.6
"2023-06-26 15:11:57",852,-0.004113227,1,0.01,21.64,11.98,40.6
"2023-06-26 15:11:57.2",853,0.3000022,1,0.011,21.64,11.98,40.6
"2023-06-26 15:11:57.4",854,0.3,1,0.01,21.64,11.98,40.6
"2023-06-26 15:11:57.6",855,0.3,1,0.01,21.64,11.98,40.6
"2023-06-26 15:11:57.8",856,0.3000022,1,0.011,21.64,11.98,40.6
"2023-06-26 15:11:58",857,0.3,1,0.01,21.64,11.98,40.6
"2023-06-26 15:11:58.2",858,-0.3082254,1,0.01,21.64,11.98,40.6
"2023-06-26 15:11:58.4",859,0.3000022,1,0.011,21.64,11.98,40.6
"2023-06-26 15:11:58.6",860,-0.3082254,1,0.01,21.64,11.98,40.6
"2023-06-26 15:11:58.8",861,0.3,1,0.01,21.64,11.98,40.6
"2023-06-26 15:11:59",862,0.3000022,1,0.011,21.64,11.98,40.6
"2023-06-26 15:11:59.2",863,0.3,1,0.01,21.64,11.98,40.6
"2023-06-26 15:11:59.4",864,0.3,1,0.01,21.64,11.98,40.6
"2023-06-26 15:11:59.6",865,0.3000022,1,0.011,21.64,11.98,40.6
"2023-06-26 15:11:59.8",866,0.3,1,0.01,21.64,11.98,40.6
"2023-06-26 15:12:00",867,-0.3082254,1,0.01,21.64,11.98,40.6
"2023-06-26 15:12:00.2",868,0.3000022,1,0.011,21.64,11.98,40.6
"2023-06-26 15:12:00.4",869,-0.3082254,1,0.01,21.64,11.98,40.6
"2023-06-26 15:12:00.6",870,-0.3082265,1,0.01,21.64,11.98,40.6
"2023-06-26 15:12:00.8",871,0.3000022,1,0.011,21.64,11.98,40.6
"2023-06-26 15:12:01",872,-0.3082254,1,0.01,21.64,11.98,40.6
"2023-06-26 15:12:01.2",873,-0.3082254,1,0.01,21.64,11.98,40.6
"2023-06-26 15:12:01.4",874,0.3000022,1,0.011,21.64,11.98,40.6
"2023-06-26 15:12:01.6",875,0.3,1,0.01,21.64,11.98,40.6
"2023-06-26 15:12:01.8",876,-0.3082265,1,0.01,21.64,11.98,40.6
"2023-06-26 15:12:02",877,0.3000022,1,0.011,21.64,11.99,40.6
"2023-06-26 15:12:02.2",878,0.3,1,0.01,21.64,11.98,40.6
"2023-06-26 15:12:02.4",879,-0.004113227,1,0.01,21.64,11.99,40.6
"2023-06-26 15:12:02.6",880,0.3000022,1,0.011,21.64,11.98,40.6
"2023-06-26 15:12:02.8",881,-0.3082254,1,0.011,21.64,11.98,40.6
"2023-06-26 15:12:03",882,-0.0041143,1,0.01,21.64,11.98,40.6
"2023-06-26 15:12:03.2",883,-0.004112184,1,0.011,21.64,11.98,40.6
"2023-06-26 15:12:03.4",884,-0.3082265,1,0.01,21.64,11.98,40.6
"2023-06-26 15:12:03.6",885,-0.0041143,1,0.009,21.64,11.98,40.6
"2023-06-26 15:12:03.8",886,0.3000022,1,0.011,21.64,11.98,40.6
"2023-06-26 15:12:04",887,0.3,1,0.01,21.64,11.98,40.6
"2023-06-26 15:12:04.2",888,0.3000022,1,0.011,21.64,11.98,40.6
"2023-06-26 15:12:04.4",889,0.3,1,0.011,21.64,11.98,40.6
"2023-06-26 15:12:04.6",890,0.3,1,0.01,21.64,11.98,40.6
"2023-06-26 15:12:04.8",891,0.3000022,1,0.011,21.64,11.98,40.6
"2023-06-26 15:12:05",892,-0.0041143,1,0.011,21.64,11.98,40.6
"2023-06-26 15:12:05.2",893,0.3,1,0.01,21.64,11.98,40.6
"2023-06-26 15:12:05.4",894,0.3000022,1,0.011,21.64,11.98,40.6
"2023-06-26 15:12:05.6",895,0.3,1,0.011,21.64,11.98,40.6
"2023-06-26 15:12:05.8",896,0.3,1,0.01,21.64,11.98,40.6
"2023-06-26 15:12:06",897,0.3000022,1,0.011,21.64,11.98,40.6
"2023-06-26 15:12:06.2",898,-0.004113227,1,0.011,21.64,11.98,40.6
"2023-06-26 15:12:06.4",899,-0.3082254,1,0.01,21.64,11.98,40.6
"2023-06-26 15:12:06.6",900,0.3000022,1,0.011,21.64,11.98,40.6
"2023-06-26 15:12:06.8",901,0.3,1,0.011,21.64,11.98,40.6
"2023-06-26 15:12:07",902,-0.3082254,1,0.01,21.64,11.98,40.6
"2023-06-26 15:12:07.2",903,0.3000022,1,0.011,21.64,11.98,40.6
"2023-06-26 15:12:07.4",904,-0.3082254,1,0.011,21.64,11.98,40.6
"2023-06-26 15:12:07.6",905,-0.004113227,1,0.01,21.64,11.98,40.6
"2023-06-26 15:12:07.8",906,-0.3082265,1,0.01,21.64,11.98,40.6
"2023-06-26 15:12:08",907,0.3000022,1,0.011,21.64,11.98,40.6
"2023-06-26 15:12:08.2",908,0.3,1,0.01,21.64,11.98,40.6
"2023-06-26 15:12:08.4",909,0.3,1,0.01,21.64,11.98,40.6
"2023-06-26 15:12:08.6",910,0.3000022,1,0.011,21.64,11.98,40.6
"2023-06-26 15:12:08.8",911,-0.0041143,1,0.01,21.64,11.98,40.6
"2023-06-26 15:12:09",912,0.3000022,1,0.011,21.64,11.98,40.6
"2023-06-26 15:12:09.2",913,-0.6123387,1,0.011,21.64,11.99,40.6
"2023-06-26 15:12:09.4",914,0.3,1,0.01,21.64,11.98,40.6
"2023-06-26 15:12:09.6",915,0.3,1,0.01,21.64,11.98,40.6
"2023-06-26 15:12:09.8",916,-0.004112184,1,0.011,21.64,11.98,40.6
"2023-06-26 15:12:10",917,-0.3082254,1,0.01,21.64,11.98,40.6
"2023-06-26 15:12:10.2",918,0.3000022,1,0.011,21.64,11.98,40.6
"2023-06-26 15:12:10.4",919,0.3,1,0.011,21.64,11.98,40.6
"2023-06-26 15:12:10.6",920,0.3,1,0.01,21.64,11.98,40.6
"2023-06-26 15:12:10.8",921,0.3000022,1,0.011,21.64,11.98,40.6
"2023-06-26 15:12:11",922,-0.004113227,1,0.011,21.64,11.98,40.6
"2023-06-26 15:12:11.2",923,-0.6123397,1,0.01,21.64,11.98,40.6
"2023-06-26 15:12:11.4",924,-0.004112184,1,0.011,21.64,11.98,40.6
"2023-06-26 15:12:11.6",925,-0.0041143,1,0.01,21.67,11.98,40.6
"2023-06-26 15:12:11.8",926,-0.3082254,1,0.01,21.64,11.98,40.6
"2023-06-26 15:12:12",927,-0.004112184,1,0.011,21.64,11.98,40.6
"2023-06-26 15:12:12.2",928,0.3,1,0.01,21.64,11.98,40.6
"2023-06-26 15:12:12.4",929,0.3,1,0.01,21.64,11.98,40.57
"2023-06-26 15:12:12.6",930,0.3000022,1,0.011,21.64,11.98,40.6
"2023-06-26 15:12:12.8",931,-0.0041143,1,0.01,21.67,11.98,40.6
"2023-06-26 15:12:13",932,0.3000022,1,0.011,21.64,11.98,40.6
"2023-06-26 15:12:13.2",933,-0.3082254,1,0.011,21.64,11.98,40.6
"2023-06-26 15:12:13.4",934,0.3,1,0.01,21.67,11.98,40.57
"2023-06-26 15:12:13.6",935,-0.004112184,1,0.011,21.67,11.98,40.6
"2023-06-26 15:12:13.8",936,0.3,1,0.011,21.67,11.98,40.6
"2023-06-26 15:12:14",937,0.3,1,0.01,21.67,11.98,40.6
"2023-06-26 15:12:14.2",938,0.3000022,1,0.011,21.67,11.98,40.6
"2023-06-26 15:12:14.4",939,-0.3082254,1,0.011,21.67,11.98,40.6
"2023-06-26 15:12:14.6",940,-0.3082254,1,0.01,21.67,11.98,40.6
"2023-06-26 15:12:14.8",941,0.3000022,1,0.011,21.67,11.98,40.57
"2023-06-26 15:12:15",942,-0.3082254,1,0.011,21.67,11.98,40.6
"2023-06-26 15:12:15.2",943,0.3,1,0.01,21.67,11.98,40.6
"2023-06-26 15:12:15.4",944,0.3000022,1,0.011,21.67,11.98,40.6
"2023-06-26 15:12:15.6",945,-0.3082254,1,0.011,21.67,11.98,40.6
"2023-06-26 15:12:15.8",946,-0.3082254,1,0.01,21.67,11.98,40.57
"2023-06-26 15:12:16",947,0.3000022,1,0.011,21.67,11.98,40.6
"2023-06-26 15:12:16.2",948,-0.3082254,1,0.011,21.67,11.98,40.6
"2023-06-26 15:12:16.4",949,-0.3082254,1,0.01,21.67,11.98,40.6
"2023-06-26 15:12:16.6",950,-0.004112184,1,0.011,21.67,11.98,40.6
"2023-06-26 15:12:16.8",951,-0.004113227,1,0.011,21.67,11.98,40.6
"2023-06-26 15:12:17",952,0.3,1,0.01,21.67,11.99,40.6
"2023-06-26 15:12:17.2",953,0.3000022,1,0.011,21.67,11.98,40.6
"2023-06-26 15:12:17.4",954,0.3,1,0.011,21.67,11.98,40.57
"2023-06-26 15:12:17.6",955,-0.3082254,1,0.01,21.67,11.98,40.57
"2023-06-26 15:12:17.8",956,0.3000022,1,0.011,21.67,11.98,40.6
"2023-06-26 15:12:18",957,-0.3082254,1,0.011,21.67,11.98,40.6
"2023-06-26 15:12:18.2",958,0.3,1,0.01,21.67,11.98,40.57
"2023-06-26 15:12:18.4",959,0.3000022,1,0.011,21.67,11.98,40.6
"2023-06-26 15:12:18.6",960,0.3,1,0.011,21.67,11.98,40.57
"2023-06-26 15:12:18.8",961,0.3,1,0.01,21.67,11.98,40.6
"2023-06-26 15:12:19",962,0.3000022,1,0.011,21.67,11.98,40.57
"2023-06-26 15:12:19.2",963,-0.3082254,1,0.011,21.67,11.99,40.57
"2023-06-26 15:12:19.4",964,0.3,1,0.01,21.67,11.98,40.6
"2023-06-26 15:12:19.6",965,0.3000022,1,0.011,21.67,11.98,40.6
"2023-06-26 15:12:19.8",966,-0.3082254,1,0.011,21.67,11.98,40.6
"2023-06-26 15:12:20",967,0.3,1,0.01,21.67,11.99,40.57
"2023-06-26 15:12:20.2",968,0.3000022,1,0.011,21.67,11.98,40.6
"2023-06-26 15:12:20.4",969,-0.3082254,1,0.011,21.67,11.98,40.57
"2023-06-26 15:12:20.6",970,-0.0041143,1,0.01,21.67,11.98,40.57
"2023-06-26 15:12:20.8",971,0.3000022,1,0.011,21.67,11.98,40.57
"2023-06-26 15:12:21",972,-0.3082254,1,0.01,21.67,11.98,40.57
"2023-06-26 15:12:21.2",973,-0.3082254,1,0.01,21.67,11.98,40.57
"2023-06-26 15:12:21.4",974,0.3000022,1,0.011,21.67,11.98,40.6
"2023-06-26 15:12:21.6",975,0.3,1,0.01,21.67,11.98,40.57
"2023-06-26 15:12:21.8",976,0.3,1,0.01,21.67,11.98,40.57
"2023-06-26 15:12:22",977,0.3000022,1,0.011,21.67,11.98,40.6
"2023-06-26 15:12:22.2",978,-0.3082254,1,0.01,21.67,11.98,40.57
"2023-06-26 15:12:22.4",979,0.3,1,0.01,21.67,11.98,40.57
"2023-06-26 15:12:22.6",980,0.3000022,1,0.011,21.67,11.98,40.57
"2023-06-26 15:12:22.8",981,0.3,1,0.01,21.67,11.98,40.6
"2023-06-26 15:12:23",982,-0.3082254,1,0.01,21.67,11.99,40.57
"2023-06-26 15:12:23.2",983,0.3000022,1,0.011,21.67,11.98,40.57
"2023-06-26 15:12:23.4",984,0.3,1,0.01,21.67,11.98,40.57
"2023-06-26 15:12:23.6",985,-0.3082254,1,0.01,21.67,11.98,40.6
"2023-06-26 15:12:23.8",986,0.3000022,1,0.011,21.67,11.98,40.57
"2023-06-26 15:12:24",987,0.3,1,0.01,21.67,11.99,40.57
"2023-06-26 15:12:24.2",988,0.3,1,0.01,21.67,11.98,40.57
"2023-06-26 15:12:24.4",989,0.3000022,1,0.011,21.67,11.98,40.57
"2023-06-26 15:12:24.6",990,-0.3082254,1,0.01,21.67,11.98,40.57
"2023-06-26 15:12:24.8",991,-0.004113227,1,0.01,21.67,11.98,40.57
"2023-06-26 15:12:25",992,0.3000022,1,0.011,21.67,11.98,40.57
"2023-06-26 15:12:25.2",993,0.3,1,0.011,21.67,11.98,40.57
"2023-06-26 15:12:25.4",994,0.3,1,0.01,21.67,11.98,40.57
"2023-06-26 15:12:25.6",995,0.3000022,1,0.011,21.67,11.98,40.57
"2023-06-26 15:12:25.8",996,0.3,1,0.011,21.67,11.98,40.57
"2023-06-26 15:12:26",997,0.3,1,0.01,21.67,11.98,40.57
"2023-06-26 15:12:26.2",998,0.3000022,1,0.011,21.67,11.98,40.57
"2023-06-26 15:12:26.4",999,-0.0041143,1,0.01,21.67,11.98,40.57
"2023-06-26 15:12:26.6",1000,-0.3082265,1,0.01,21.67,11.98,40.57
"2023-06-26 15:12:26.8",1001,-0.004112184,1,0.011,21.67,11.98,40.57
"2023-06-26 15:12:27",1002,0.3,1,0.01,21.7,11.98,40.57
"2023-06-26 15:12:27.2",1003,0.3,1,0.01,21.67,11.98,40.57
"2023-06-26 15:12:27.4",1004,-0.004112184,1,0.011,21.67,11.98,40.57
"2023-06-26 15:12:27.6",1005,-0.0041143,1,0.01,21.67,11.99,40.57
"2023-06-26 15:12:27.8",1006,-0.004112184,1,0.011,21.67,11.98,40.57
"2023-06-26 15:12:28",1007,-0.0041143,1,0.01,21.67,11.98,40.57
"2023-06-26 15:12:28.2",1008,0.3,1,0.01,21.7,11.98,40.57
"2023-06-26 15:12:28.4",1009,0.3000022,1,0.011,21.7,11.98,40.57
"2023-06-26 15:12:28.6",1010,0.3,1,0.01,21.7,11.98,40.57
"2023-06-26 15:12:28.8",1011,0.3,1,0.01,21.7,11.98,40.57
"2023-06-26 15:12:29",1012,0.3000022,1,0.011,21.67,11.98,40.57
"2023-06-26 15:12:29.2",1013,0.3,1,0.01,21.7,11.98,40.57
"2023-06-26 15:12:29.4",1014,0.3,1,0.01,21.7,11.98,40.57
"2023-06-26 15:12:29.6",1015,-0.004112184,1,0.011,21.7,11.98,40.57
"2023-06-26 15:12:29.8",1016,0.3,1,0.01,21.7,11.98,40.57
"2023-06-26 15:12:30",1017,0.3000022,1,0.011,21.7,11.98,40.57
"2023-06-26 15:12:30.2",1018,0.3,1,0.011,21.7,11.98,40.57
"2023-06-26 15:12:30.4",1019,-0.004113227,1,0.01,21.7,11.98,40.57
"2023-06-26 15:12:30.6",1020,0.3,1,0.01,21.67,11.98,40.57
"2023-06-26 15:12:30.8",1021,0.3000022,1,0.011,21.7,11.98,40.57
"2023-06-26 15:12:31",1022,-0.0041143,1,0.01,21.7,11.99,40.57
"2023-06-26 15:12:31.2",1023,0.3000022,1,0.011,21.7,11.99,40.57
"2023-06-26 15:12:31.4",1024,0.3,1,0.011,21.7,11.98,40.57
"2023-06-26 15:12:31.6",1025,-0.004113227,1,0.01,21.7,11.99,40.57
"2023-06-26 15:12:31.8",1026,0.3,1,0.01,21.7,11.98,40.57
"2023-06-26 15:12:32",1027,0.3000022,1,0.011,21.7,11.98,40.57
"2023-06-26 15:12:32.2",1028,0.3,1,0.01,21.7,11.98,40.57
"2023-06-26 15:12:32.4",1029,0.3,1,0.01,21.7,11.98,40.57
"2023-06-26 15:12:32.6",1030,0.3000022,1,0.011,21.7,11.98,40.57
"2023-06-26 15:12:32.8",1031,-0.3082254,1,0.01,21.7,11.98,40.57
"2023-06-26 15:12:33",1032,0.3,1,0.01,21.7,11.99,40.57
"2023-06-26 15:12:33.2",1033,0.3000022,1,0.011,21.67,11.99,40.57
"2023-06-26 15:12:33.4",1034,-0.3082254,1,0.01,21.7,11.98,40.57
"2023-06-26 15:12:33.6",1035,0.3,1,0.01,21.7,11.98,40.57
"2023-06-26 15:12:33.8",1036,0.3000022,1,0.011,21.7,11.98,40.57
"2023-06-26 15:12:34",1037,-0.3082254,1,0.01,21.7,11.98,40.57
"2023-06-26 15:12:34.2",1038,0.3,1,0.01,21.7,11.98,40.57
"2023-06-26 15:12:34.4",1039,0.3000022,1,0.011,21.7,11.98,40.57
"2023-06-26 15:12:34.6",1040,0.3,1,0.01,21.7,11.98,40.57
"2023-06-26 15:12:34.8",1041,0.3,1,0.01,21.7,11.98,40.57
"2023-06-26 15:12:35",1042,-0.004112184,1,0.011,21.7,11.99,40.57
"2023-06-26 15:12:35.2",1043,0.3,1,0.01,21.67,11.99,40.57
"2023-06-26 15:12:35.4",1044,0.3000022,1,0.011,21.7,11.98,40.57
"2023-06-26 15:12:35.6",1045,0.3,1,0.011,21.67,11.98,40.57
"2023-06-26 15:12:35.8",1046,-0.004113227,1,0.01,21.7,11.98,40.57
"2023-06-26 15:12:36",1047,0.3,1,0.01,21.7,11.98,40.57
"2023-06-26 15:12:36.2",1048,0.3000022,1,0.011,21.7,11.98,40.57
"2023-06-26 15:12:36.4",1049,0.3,1,0.01,21.7,11.98,40.57
"2023-06-26 15:12:36.6",1050,-0.3082265,1,0.01,21.7,11.98,40.57
"2023-06-26 15:12:36.8",1051,0.3000022,1,0.011,21.7,11.98,40.57
"2023-06-26 15:12:37",1052,0.3,1,0.01,21.7,11.98,40.57
"2023-06-26 15:12:37.2",1053,0.3,1,0.01,21.7,11.98,40.57
"2023-06-26 15:12:37.4",1054,0.3000022,1,0.011,21.7,11.98,40.57
"2023-06-26 15:12:37.6",1055,-0.3082254,1,0.01,21.7,11.98,40.57
"2023-06-26 15:12:37.8",1056,-0.004113227,1,0.01,21.7,11.98,40.57
"2023-06-26 15:12:38",1057,0.3000022,1,0.011,21.7,11.98,40.57
"2023-06-26 15:12:38.2",1058,-0.0041143,1,0.01,21.7,11.98,40.53
"2023-06-26 15:12:38.4",1059,-0.004113227,1,0.01,21.7,11.99,40.57
"2023-06-26 15:12:38.6",1060,0.3000022,1,0.011,21.7,11.98,40.57
"2023-06-26 15:12:38.8",1061,-0.3082254,1,0.01,21.7,11.98,40.57
"2023-06-26 15:12:39",1062,0.3,1,0.01,21.7,11.98,40.57
"2023-06-26 15:12:39.2",1063,0.3000022,1,0.011,21.7,11.98,40.57
"2023-06-26 15:12:39.4",1064,0.3,1,0.01,21.7,11.98,40.53
"2023-06-26 15:12:39.6",1065,-0.3082254,1,0.01,21.7,11.98,40.57
"2023-06-26 15:12:39.8",1066,0.3000022,1,0.011,21.7,11.98,40.53
"2023-06-26 15:12:40",1067,-0.3082254,1,0.01,21.7,11.98,40.57
"2023-06-26 15:12:40.2",1068,0.3,1,0.01,21.7,11.98,40.57
"2023-06-26 15:12:40.4",1069,-0.004112184,1,0.011,21.7,11.98,40.57
"2023-06-26 15:12:40.6",1070,-0.3082254,1,0.01,21.7,11.98,40.53
"2023-06-26 15:12:40.8",1071,-0.3082254,1,0.01,21.7,11.98,40.53
"2023-06-26 15:12:41",1072,0.3000022,1,0.011,21.7,11.98,40.57
"2023-06-26 15:12:41.2",1073,-0.3082254,1,0.01,21.7,11.98,40.57
"2023-06-26 15:12:41.4",1074,-0.3082254,1,0.01,21.7,11.98,40.57
"2023-06-26 15:12:41.6",1075,0.3000022,1,0.011,21.7,11.98,40.53
"2023-06-26 15:12:41.8",1076,0.3,1,0.01,21.7,11.98,40.57
"2023-06-26 15:12:42",1077,-0.3082254,1,0.01,21.7,11.98,40.53
"2023-06-26 15:12:42.2",1078,-0.004112184,1,0.011,21.7,11.98,40.53
"2023-06-26 15:12:42.4",1079,0.3,1,0.01,21.7,11.98,40.53
"2023-06-26 15:12:42.6",1080,0.3000022,1,0.011,21.7,11.98,40.57
"2023-06-26 15:12:42.8",1081,0.3,1,0.011,21.7,11.98,40.57
"2023-06-26 15:12:43",1082,-0.3082254,1,0.01,21.7,11.98,40.57
"2023-06-26 15:12:43.2",1083,0.3000022,1,0.011,21.7,11.98,40.53
"2023-06-26 15:12:43.4",1084,0.3,1,0.011,21.7,11.98,40.53
"2023-06-26 15:12:43.6",1085,-0.3082254,1,0.01,21.7,11.98,40.53
"2023-06-26 15:12:43.8",1086,0.3000022,1,0.011,21.7,11.98,40.57
"2023-06-26 15:12:44",1087,-0.3082254,1,0.011,21.7,11.98,40.53
"2023-06-26 15:12:44.2",1088,-0.3082254,1,0.01,21.7,11.98,40.57
"2023-06-26 15:12:44.4",1089,0.3000022,1,0.011,21.7,11.98,40.53
"2023-06-26 15:12:44.6",1090,0.3,1,0.011,21.7,11.98,40.57
"2023-06-26 15:12:44.8",1091,-0.3082254,1,0.01,21.7,11.98,40.53
"2023-06-26 15:12:45",1092,0.3000022,1,0.011,21.7,11.98,40.53
"2023-06-26 15:12:45.2",1093,-0.0041143,1,0.011,21.7,11.98,40.57
"2023-06-26 15:12:45.4",1094,0.3,1,0.01,21.7,11.98,40.53
"2023-06-26 15:12:45.6",1095,0.3000022,1,0.011,21.7,11.98,40.53
"2023-06-26 15:12:45.8",1096,0.3,1,0.011,21.7,11.98,40.57
"2023-06-26 15:12:46",1097,-0.3082254,1,0.01,21.7,11.98,40.53
"2023-06-26 15:12:46.2",1098,0.3000022,1,0.011,21.7,11.98,40.57
"2023-06-26 15:12:46.4",1099,0.3,1,0.011,21.7,11.98,40.57
"2023-06-26 15:12:46.6",1100,0.3,1,0.01,21.7,11.98,40.53
"2023-06-26 15:12:46.8",1101,0.3000022,1,0.011,21.7,11.98,40.53
"2023-06-26 15:12:47",1102,0.3,1,0.011,21.7,11.98,40.53
"2023-06-26 15:12:47.2",1103,-0.004113227,1,0.01,21.7,11.98,40.53
"2023-06-26 15:12:47.4",1104,0.3000022,1,0.011,21.7,11.98,40.53
"2023-06-26 15:12:47.6",1105,0.3,1,0.011,21.7,11.98,40.53
"2023-06-26 15:12:47.8",1106,-0.3082254,1,0.01,21.7,11.98,40.57
"2023-06-26 15:12:48",1107,-0.004112184,1,0.011,21.7,11.98,40.53
"2023-06-26 15:12:48.2",1108,0.3,1,0.011,21.7,11.98,40.53
"2023-06-26 15:12:48.4",1109,-0.3082254,1,0.01,21.7,11.98,40.53
"2023-06-26 15:12:48.6",1110,0.3000022,1,0.011,21.7,11.98,40.57
"2023-06-26 15:12:48.8",1111,0.3,1,0.011,21.7,11.98,40.53
"2023-06-26 15:12:49",1112,0.3,1,0.01,21.7,11.98,40.53
"2023-06-26 15:12:49.2",1113,0.3000022,1,0.011,21.7,11.98,40.53
"2023-06-26 15:12:49.4",1114,0.3,1,0.011,21.7,11.98,40.53
"2023-06-26 15:12:49.6",1115,0.3,1,0.01,21.7,11.98,40.53
"2023-06-26 15:12:49.8",1116,0.3000022,1,0.011,21.7,11.98,40.53
"2023-06-26 15:12:50",1117,-0.3082254,1,0.011,21.7,11.98,40.53
"2023-06-26 15:12:50.2",1118,-0.3082254,1,0.01,21.7,11.98,40.53
"2023-06-26 15:12:50.4",1119,-0.004112184,1,0.011,21.7,11.98,40.53
"2023-06-26 15:12:50.6",1120,0.3,1,0.01,21.7,11.98,40.53
"2023-06-26 15:12:50.8",1121,-0.3082254,1,0.01,21.7,11.98,40.53
"2023-06-26 15:12:51",1122,0.3000022,1,0.011,21.7,11.98,40.53
"2023-06-26 15:12:51.2",1123,0.3,1,0.01,21.7,11.98,40.53
"2023-06-26 15:12:51.4",1124,0.3,1,0.01,21.7,11.98,40.53
"2023-06-26 15:12:51.6",1125,0.3000022,1,0.011,21.7,11.98,40.53
"2023-06-26 15:12:51.8",1126,0.3,1,0.01,21.7,11.98,40.53
"2023-06-26 15:12:52",1127,-0.3082254,1,0.01,21.7,11.98,40.53
"2023-06-26 15:12:52.2",1128,-0.004112184,1,0.011,21.7,11.98,40.53
"2023-06-26 15:12:52.4",1129,-0.3082254,1,0.01,21.7,11.98,40.53
"2023-06-26 15:12:52.6",1130,0.3,1,0.01,21.7,11.98,40.53
"2023-06-26 15:12:52.8",1131,0.3000022,1,0.011,21.7,11.98,40.53
"2023-06-26 15:12:53",1132,0.3,1,0.01,21.7,11.98,40.53
"2023-06-26 15:12:53.2",1133,0.3,1,0.01,21.7,11.98,40.53
"2023-06-26 15:12:53.4",1134,0.3000022,1,0.011,21.7,11.99,40.53
"2023-06-26 15:12:53.6",1135,-0.3082254,1,0.01,21.72,11.98,40.53
"2023-06-26 15:12:53.8",1136,-0.3082254,1,0.01,21.7,11.98,40.53
"2023-06-26 15:12:54",1137,0.3000022,1,0.011,21.7,11.98,40.53
"2023-06-26 15:12:54.2",1138,0.3,1,0.01,21.72,11.98,40.53
"2023-06-26 15:12:54.4",1139,-0.3082254,1,0.01,21.7,11.98,40.53
"2023-06-26 15:12:54.6",1140,0.3000022,1,0.011,21.7,11.98,40.53
"2023-06-26 15:12:54.8",1141,0.3,1,0.01,21.7,11.98,40.53
"2023-06-26 15:12:55",1142,0.3,1,0.01,21.7,11.98,40.53
"2023-06-26 15:12:55.2",1143,-0.004112184,1,0.011,21.72,11.98,40.53
"2023-06-26 15:12:55.4",1144,0.3,1,0.01,21.72,11.98,40.53
"2023-06-26 15:12:55.6",1145,0.3000022,1,0.011,21.72,11.98,40.53
"2023-06-26 15:12:55.8",1146,0.3,1,0.011,21.7,11.98,40.53
"2023-06-26 15:12:56",1147,0.3,1,0.01,21.72,11.98,40.53
"2023-06-26 15:12:56.2",1148,0.3000022,1,0.011,21.7,11.98,40.53
"2023-06-26 15:12:56.4",1149,-0.3082265,1,0.011,21.72,11.98,40.53
"2023-06-26 15:12:56.6",1150,0.3,1,0.01,21.7,11.98,40.53
"2023-06-26 15:12:56.8",1151,0.3000022,1,0.011,21.72,11.98,40.53
"2023-06-26 15:12:57",1152,0.3,1,0.011,21.72,11.98,40.53
"2023-06-26 15:12:57.2",1153,0.3,1,0.01,21.7,11.98,40.53
"2023-06-26 15:12:57.4",1154,0.3000022,1,0.011,21.72,11.98,40.53
"2023-06-26 15:12:57.6",1155,0.3,1,0.011,21.7,11.98,40.53
"2023-06-26 15:12:57.8",1156,0.3,1,0.01,21.72,11.98,40.53
"2023-06-26 15:12:58",1157,0.3000022,1,0.011,21.72,11.98,40.53
"2023-06-26 15:12:58.2",1158,-0.3082254,1,0.011,21.7,11.98,40.53
"2023-06-26 15:12:58.4",1159,0.3,1,0.01,21.7,11.98,40.53
"2023-06-26 15:12:58.6",1160,0.3000022,1,0.011,21.7,11.98,40.53
"2023-06-26 15:12:58.8",1161,0.3,1,0.011,21.7,11.98,40.53
"2023-06-26 15:12:59",1162,-0.3082254,1,0.01,21.7,11.98,40.53
"2023-06-26 15:12:59.2",1163,0.3000022,1,0.011,21.7,11.98,40.53
"2023-06-26 15:12:59.4",1164,0.3,1,0.011,21.7,11.98,40.53
"2023-06-26 15:12:59.6",1165,-0.3082254,1,0.01,21.7,11.98,40.53
"2023-06-26 15:12:59.8",1166,0.3000022,1,0.011,21.72,11.98,40.53
"2023-06-26 15:13:00",1167,-0.3082254,1,0.011,21.72,11.99,40.53
"2023-06-26 15:13:00.2",1168,0.3,1,0.01,21.7,11.98,40.53
"2023-06-26 15:13:00.4",1169,0.3000022,1,0.011,21.7,11.98,40.53
"2023-06-26 15:13:00.6",1170,0.3,1,0.011,21.72,11.98,40.53
"2023-06-26 15:13:00.8",1171,0.3,1,0.01,21.7,11.98,40.53
"2023-06-26 15:13:01",1172,0.3000022,1,0.011,21.7,11.98,40.53
"2023-06-26 15:13:01.2",1173,0.3,1,0.011,21.7,11.98,40.53
"2023-06-26 15:13:01.4",1174,-0.004113227,1,0.01,21.7,11.98,40.53
"2023-06-26 15:13:01.6",1175,0.3,1,0.01,21.72,11.98,40.53
"2023-06-26 15:13:01.8",1176,0.3000022,1,0.011,21.72,11.98,40.53
"2023-06-26 15:13:02",1177,0.3,1,0.01,21.7,11.98,40.53
"2023-06-26 15:13:02.2",1178,0.3,1,0.01,21.72,11.98,40.53
"2023-06-26 15:13:02.4",1179,0.3000022,1,0.011,21.72,11.99,40.53
"2023-06-26 15:13:02.6",1180,0.3,1,0.01,21.72,11.98,40.53
"2023-06-26 15:13:02.8",1181,0.3,1,0.01,21.72,11.98,40.53
"2023-06-26 15:13:03",1182,0.3000022,1,0.011,21.72,11.98,40.53
"2023-06-26 15:13:03.2",1183,-0.004113227,1,0.01,21.72,11.98,40.53
"2023-06-26 15:13:03.4",1184,0.3,1,0.01,21.72,11.99,40.53
"2023-06-26 15:13:03.6",1185,0.3000022,1,0.011,21.72,11.99,40.53
"2023-06-26 15:13:03.8",1186,0.3,1,0.01,21.72,11.98,40.53
"2023-06-26 15:13:04",1187,0.3,1,0.01,21.72,11.98,40.53
"2023-06-26 15:13:04.2",1188,0.3000022,1,0.011,21.72,11.98,40.53
"2023-06-26 15:13:04.4",1189,-0.3082265,1,0.01,21.72,11.98,40.53
"2023-06-26 15:13:04.6",1190,0.3,1,0.01,21.72,11.98,40.53
"2023-06-26 15:13:04.8",1191,0.3000022,1,0.011,21.72,11.98,40.53
"2023-06-26 15:13:05",1192,0.3,1,0.01,21.72,11.98,40.53
"2023-06-26 15:13:05.2",1193,0.3,1,0.01,21.72,11.98,40.53
"2023-06-26 15:13:05.4",1194,0.3000022,1,0.011,21.72,11.98,40.53
"2023-06-26 15:13:05.6",1195,0.3,1,0.01,21.72,11.98,40.53
"2023-06-26 15:13:05.8",1196,0.3,1,0.01,21.72,11.98,40.53
"2023-06-26 15:13:06",1197,0.3000022,1,0.011,21.72,11.98,40.53
"2023-06-26 15:13:06.2",1198,-0.004113227,1,0.011,21.72,11.98,40.53
"2023-06-26 15:13:06.4",1199,0.3,1,0.01,21.72,11.98,40.53
"2023-06-26 15:13:06.6",1200,0.3000022,1,0.011,21.72,11.98,40.53
"2023-06-26 15:13:06.8",1201,0.3,1,0.011,21.72,11.98,40.53
"2023-06-26 15:13:07",1202,0.3,1,0.01,21.72,11.98,40.53
"2023-06-26 15:13:07.2",1203,0.3000022,1,0.011,21.72,11.98,40.53
"2023-06-26 15:13:07.4",1204,-0.0041143,1,0.01,21.72,11.98,40.53
"2023-06-26 15:13:07.6",1205,-0.3082265,1,0.01,21.72,11.98,40.53
"2023-06-26 15:13:07.8",1206,0.3000022,1,0.011,21.72,11.98,40.53
"2023-06-26 15:13:08",1207,0.3,1,0.01,21.72,11.98,40.53
"2023-06-26 15:13:08.2",1208,0.3,1,0.01,21.72,11.98,40.53
"2023-06-26 15:13:08.4",1209,0.3000022,1,0.011,21.72,11.98,40.53
"2023-06-26 15:13:08.6",1210,0.3,1,0.01,21.72,11.98,40.53
"2023-06-26 15:13:08.8",1211,0.3,1,0.01,21.72,11.98,40.53
"2023-06-26 15:13:09",1212,0.3000022,1,0.011,21.72,11.98,40.53
"2023-06-26 15:13:09.2",1213,-0.3082254,1,0.01,21.72,11.98,40.53
"2023-06-26 15:13:09.4",1214,0.3,1,0.01,21.72,11.98,40.53
"2023-06-26 15:13:09.6",1215,-0.004112184,1,0.011,21.72,11.98,40.53
"2023-06-26 15:13:09.8",1216,0.3,1,0.01,21.72,11.98,40.53
"2023-06-26 15:13:10",1217,-0.004113227,1,0.01,21.72,11.98,40.53
"2023-06-26 15:13:10.2",1218,0.3000022,1,0.011,21.72,11.98,40.53
"2023-06-26 15:13:10.4",1219,0.3,1,0.01,21.72,11.98,40.53
"2023-06-26 15:13:10.6",1220,-0.3082265,1,0.01,21.72,11.98,40.53
"2023-06-26 15:13:10.8",1221,0.3000022,1,0.011,21.72,11.99,40.53
"2023-06-26 15:13:11",1222,-0.004113227,1,0.011,21.72,11.98,40.53
"2023-06-26 15:13:11.2",1223,0.3,1,0.01,21.72,11.98,40.53
"2023-06-26 15:13:11.4",1224,0.3000022,1,0.011,21.72,11.98,40.53
"2023-06-26 15:13:11.6",1225,0.3,1,0.011,21.72,11.98,40.53
"2023-06-26 15:13:11.8",1226,-0.004113227,1,0.01,21.72,11.98,40.53
"2023-06-26 15:13:12",1227,0.3000022,1,0.011,21.72,11.98,40.53
"2023-06-26 15:13:12.2",1228,0.3,1,0.011,21.72,11.98,40.53
"2023-06-26 15:13:12.4",1229,0.3,1,0.01,21.72,11.98,40.53
"2023-06-26 15:13:12.6",1230,0.3000022,1,0.011,21.72,11.98,40.53
"2023-06-26 15:13:12.8",1231,0.3,1,0.011,21.72,11.98,40.53
"2023-06-26 15:13:13",1232,0.3,1,0.01,21.72,11.98,40.53
"2023-06-26 15:13:13.2",1233,0.3000022,1,0.011,21.72,11.99,40.53
"2023-06-26 15:13:13.4",1234,-0.004113227,1,0.011,21.72,11.98,40.53
"2023-06-26 15:13:13.6",1235,0.3,1,0.01,21.72,11.98,40.53
"2023-06-26 15:13:13.8",1236,0.3,1,0.01,21.72,11.98,40.53
"2023-06-26 15:13:14",1237,0.3000022,1,0.011,21.72,11.98,40.53
"2023-06-26 15:13:14.2",1238,-0.0041143,1,0.01,21.72,11.98,40.53
"2023-06-26 15:13:14.4",1239,0.3000022,1,0.011,21.72,11.98,40.53
"2023-06-26 15:13:14.6",1240,0.3,1,0.011,21.72,11.98,40.53
"2023-06-26 15:13:14.8",1241,0.3,1,0.01,21.72,11.98,40.53
"2023-06-26 15:13:15",1242,0.3000022,1,0.011,21.72,11.98,40.53
"2023-06-26 15:13:15.2",1243,0.3,1,0.011,21.72,11.98,40.53
"2023-06-26 15:13:15.4",1244,0.3,1,0.01,21.72,11.98,40.53
"2023-06-26 15:13:15.6",1245,0.3000022,1,0.011,21.72,11.98,40.53
"2023-06-26 15:13:15.8",1246,0.3,1,0.011,21.72,11.98,40.53
"2023-06-26 15:13:16",1247,0.3,1,0.01,21.72,11.98,40.53
"2023-06-26 15:13:16.2",1248,0.3000022,1,0.011,21.72,11.98,40.53
"2023-06-26 15:13:16.4",1249,0.3,1,0.011,21.72,11.98,40.53
"2023-06-26 15:13:16.6",1250,0.3,1,0.01,21.72,11.98,40.53
"2023-06-26 15:13:16.8",1251,0.3000022,1,0.011,21.75,11.98,40.53
"2023-06-26 15:13:17",1252,0.3,1,0.011,21.72,11.98,40.53
"2023-06-26 15:13:17.2",1253,0.3,1,0.01,21.72,11.98,40.53
"2023-06-26 15:13:17.4",1254,-0.004112184,1,0.011,21.75,11.98,40.53
"2023-06-26 15:13:17.6",1255,-0.3082265,1,0.011,21.72,11.98,40.53
"2023-06-26 15:13:17.8",1256,0.3,1,0.01,21.75,11.98,40.53
"2023-06-26 15:13:18",1257,0.3000022,1,0.011,21.75,11.98,40.53
"2023-06-26 15:13:18.2",1258,0.3,1,0.011,21.75,11.98,40.53
"2023-06-26 15:13:18.4",1259,-0.004113227,1,0.01,21.75,11.98,40.53
"2023-06-26 15:13:18.6",1260,0.3000022,1,0.011,21.75,11.98,40.53
"2023-06-26 15:13:18.8",1261,0.3,1,0.011,21.75,11.98,40.53
"2023-06-26 15:13:19",1262,-0.0041143,1,0.01,21.75,11.98,40.5
"2023-06-26 15:13:19.2",1263,0.3000022,1,0.011,21.75,11.98,40.53
"2023-06-26 15:13:19.4",1264,-0.004113227,1,0.011,21.72,11.98,40.53
"2023-06-26 15:13:19.6",1265,-0.004113227,1,0.01,21.75,11.98,40.53
"2023-06-26 15:13:19.8",1266,0.3,1,0.01,21.75,11.98,40.53
"2023-06-26 15:13:20",1267,-0.004112184,1,0.011,21.75,11.98,40.53
"2023-06-26 15:13:20.2",1268,0.3,1,0.01,21.75,11.98,40.53
"2023-06-26 15:13:20.4",1269,0.3000022,1,0.011,21.75,11.98,40.53
"2023-06-26 15:13:20.6",1270,0.3,1,0.011,21.75,11.98,40.5
"2023-06-26 15:13:20.8",1271,0.3,1,0.01,21.75,11.98,40.53
"2023-06-26 15:13:21",1272,0.3000022,1,0.011,21.75,11.98,40.53
"2023-06-26 15:13:21.2",1273,0.3,1,0.011,21.75,11.98,40.53
"2023-06-26 15:13:21.4",1274,0.3,1,0.01,21.75,11.98,40.53
"2023-06-26 15:13:21.6",1275,0.3000022,1,0.011,21.75,11.98,40.53
"2023-06-26 15:13:21.8",1276,0.3,1,0.011,21.75,11.98,40.53
"2023-06-26 15:13:22",1277,0.3,1,0.01,21.75,11.98,40.53
"2023-06-26 15:13:22.2",1278,0.3000022,1,0.011,21.75,11.98,40.53
"2023-06-26 15:13:22.4",1279,-0.3082254,1,0.011,21.75,11.98,40.5
"2023-06-26 15:13:22.6",1280,-0.0041143,1,0.01,21.75,11.98,40.5
"2023-06-26 15:13:22.8",1281,0.3000022,1,0.011,21.75,11.98,40.5
"2023-06-26 15:13:23",1282,0.3,1,0.011,21.75,11.98,40.53
"2023-06-26 15:13:23.2",1283,0.3,1,0.01,21.75,11.98,40.53
"2023-06-26 15:13:23.4",1284,0.3000022,1,0.011,21.75,11.98,40.53
"2023-06-26 15:13:23.6",1285,-0.3082254,1,0.011,21.75,11.98,40.5
"2023-06-26 15:13:23.8",1286,-0.004113227,1,0.01,21.75,11.98,40.53
"2023-06-26 15:13:24",1287,0.3000022,1,0.011,21.75,11.98,40.53
"2023-06-26 15:13:24.2",1288,0.3,1,0.011,21.75,11.98,40.5
"2023-06-26 15:13:24.4",1289,0.3,1,0.01,21.75,11.98,40.53
"2023-06-26 15:13:24.6",1290,-0.004112184,1,0.011,21.75,11.98,40.53
"2023-06-26 15:13:24.8",1291,-0.004113227,1,0.011,21.75,11.98,40.5
"2023-06-26 15:13:25",1292,0.3,1,0.01,21.75,11.98,40.5
"2023-06-26 15:13:25.2",1293,-0.004112184,1,0.011,21.75,11.99,40.5
"2023-06-26 15:13:25.4",1294,0.3,1,0.011,21.75,11.98,40.5
"2023-06-26 15:13:25.6",1295,0.3,1,0.01,21.75,11.98,40.53
"2023-06-26 15:13:25.8",1296,0.3000022,1,0.011,21.75,11.98,40.53
"2023-06-26 15:13:26",1297,0.3,1,0.011,21.75,11.98,40.5
"2023-06-26 15:13:26.2",1298,0.3,1,0.01,21.75,11.98,40.53
"2023-06-26 15:13:26.4",1299,0.3000022,1,0.011,21.75,11.98,40.5
"2023-06-26 15:13:26.6",1300,0.3,1,0.011,21.75,11.98,40.5
"2023-06-26 15:13:26.8",1301,-0.004113227,1,0.01,21.75,11.98,40.53
"2023-06-26 15:13:27",1302,0.3000022,1,0.011,21.75,11.98,40.5
"2023-06-26 15:13:27.2",1303,0.3,1,0.011,21.75,11.98,40.5
"2023-06-26 15:13:27.4",1304,0.3,1,0.01,21.75,11.98,40.5
"2023-06-26 15:13:27.6",1305,0.3000022,1,0.011,21.75,11.98,40.53
"2023-06-26 15:13:27.8",1306,0.3,1,0.011,21.75,11.98,40.5
"2023-06-26 15:13:28",1307,0.3,1,0.01,21.75,11.98,40.5
"2023-06-26 15:13:28.2",1308,-0.004112184,1,0.011,21.75,11.98,40.53
"2023-06-26 15:13:28.4",1309,0.3,1,0.011,21.75,11.98,40.5
"2023-06-26 15:13:28.6",1310,0.3,1,0.01,21.75,11.98,40.5
"2023-06-26 15:13:28.8",1311,0.3000022,1,0.011,21.75,11.98,40.5
"2023-06-26 15:13:29",1312,0.3,1,0.011,21.75,11.98,40.5
"2023-06-26 15:13:29.2",1313,0.3,1,0.01,21.75,11.98,40.53
"2023-06-26 15:13:29.4",1314,0.3000022,1,0.011,21.75,11.98,40.5
"2023-06-26 15:13:29.6",1315,-0.3082254,1,0.011,21.75,11.98,40.5
"2023-06-26 15:13:29.8",1316,0.3,1,0.01,21.75,11.98,40.5
"2023-06-26 15:13:30",1317,0.3000022,1,0.011,21.75,11.98,40.5
"2023-06-26 15:13:30.2",1318,0.3,1,0.011,21.75,11.98,40.5
"2023-06-26 15:13:30.4",1319,-0.3082254,1,0.01,21.75,11.98,40.5
"2023-06-26 15:13:30.6",1320,-0.004112184,1,0.011,21.75,11.98,40.53
"2023-06-26 15:13:30.8",1321,0.3,1,0.01,21.75,11.98,40.5
"2023-06-26 15:13:31",1322,-0.004113227,1,0.01,21.75,11.98,40.5
"2023-06-26 15:13:31.2",1323,0.3000022,1,0.011,21.75,11.98,40.5
"2023-06-26 15:13:31.4",1324,0.3,1,0.011,21.75,11.98,40.5
"2023-06-26 15:13:31.6",1325,0.3,1,0.01,21.75,11.98,40.5
"2023-06-26 15:13:31.8",1326,-0.004112184,1,0.011,21.75,11.98,40.5
"2023-06-26 15:13:32",1327,0.3,1,0.01,21.75,11.98,40.5
"2023-06-26 15:13:32.2",1328,0.3,1,0.01,21.75,11.98,40.5
"2023-06-26 15:13:32.4",1329,0.6041122,1,0.011,21.75,11.98,40.5
"2023-06-26 15:13:32.6",1330,0.3,1,0.01,21.75,11.98,40.5
"2023-06-26 15:13:32.8",1331,0.3,1,0.01,21.75,11.98,40.53
"2023-06-26 15:13:33",1332,0.3000022,1,0.011,21.75,11.98,40.5
"2023-06-26 15:13:33.2",1333,-0.0041143,1,0.01,21.75,11.98,40.5
"2023-06-26 15:13:33.4",1334,0.3000022,1,0.011,21.75,11.98,40.5
"2023-06-26 15:13:33.6",1335,0.3,1,0.011,21.75,11.98,40.5
"2023-06-26 15:13:33.8",1336,0.3,1,0.01,21.75,11.98,40.5
"2023-06-26 15:13:34",1337,0.3000022,1,0.011,21.75,11.98,40.5
"2023-06-26 15:13:34.2",1338,-0.3082254,1,0.011,21.75,11.98,40.5
"2023-06-26 15:13:34.4",1339,0.3,1,0.01,21.75,11.98,40.5
"2023-06-26 15:13:34.6",1340,0.3000022,1,0.011,21.75,11.98,40.5
"2023-06-26 15:13:34.8",1341,-0.3082254,1,0.011,21.75,11.98,40.5
"2023-06-26 15:13:35",1342,0.3,1,0.01,21.75,11.98,40.5
"2023-06-26 15:13:35.2",1343,0.3000022,1,0.011,21.75,11.98,40.5
"2023-06-26 15:13:35.4",1344,0.3,1,0.011,21.75,11.98,40.5
"2023-06-26 15:13:35.6",1345,0.3,1,0.01,21.75,11.98,40.5
"2023-06-26 15:13:35.8",1346,-0.004112184,1,0.011,21.75,11.98,40.5
"2023-06-26 15:13:36",1347,-0.3082265,1,0.011,21.75,11.98,40.5
"2023-06-26 15:13:36.2",1348,0.3,1,0.01,21.75,11.98,40.5
"2023-06-26 15:13:36.4",1349,0.3000022,1,0.011,21.75,11.98,40.5
"2023-06-26 15:13:36.6",1350,-0.004113227,1,0.011,21.75,11.98,40.5
"2023-06-26 15:13:36.8",1351,-0.004113227,1,0.01,21.75,11.98,40.5
"2023-06-26 15:13:37",1352,0.3,1,0.01,21.75,11.98,40.5
"2023-06-26 15:13:37.2",1353,0.3000022,1,0.011,21.75,11.98,40.5
"2023-06-26 15:13:37.4",1354,0.3,1,0.01,21.75,11.98,40.5
"2023-06-26 15:13:37.6",1355,-0.004113227,1,0.01,21.75,11.98,40.5
"2023-06-26 15:13:37.8",1356,0.3000022,1,0.011,21.75,11.98,40.5
"2023-06-26 15:13:38",1357,0.3,1,0.01,21.75,11.98,40.5
"2023-06-26 15:13:38.2",1358,-0.004113227,1,0.01,21.75,11.98,40.5
"2023-06-26 15:13:38.4",1359,-0.004112184,1,0.011,21.75,11.98,40.5
"2023-06-26 15:13:38.6",1360,0.3,1,0.01,21.75,11.98,40.5
"2023-06-26 15:13:38.8",1361,-0.004113227,1,0.01,21.75,11.98,40.5
"2023-06-26 15:13:39",1362,0.3000022,1,0.011,21.75,11.98,40.5
"2023-06-26 15:13:39.2",1363,0.3,1,0.011,21.75,11.99,40.5
"2023-06-26 15:13:39.4",1364,-0.0041143,1,0.01,21.75,11.98,40.5
"2023-06-26 15:13:39.6",1365,0.3000022,1,0.011,21.75,11.98,40.5
"2023-06-26 15:13:39.8",1366,0.3,1,0.01,21.75,11.98,40.5
"2023-06-26 15:13:40",1367,0.3,1,0.01,21.75,11.98,40.5
"2023-06-26 15:13:40.2",1368,0.3000022,1,0.011,21.75,11.98,40.5
"2023-06-26 15:13:40.4",1369,0.3,1,0.01,21.75,11.98,40.5
"2023-06-26 15:13:40.6",1370,-0.3082254,1,0.01,21.75,11.98,40.5
"2023-06-26 15:13:40.8",1371,0.3000022,1,0.011,21.75,11.98,40.5
"2023-06-26 15:13:41",1372,0.3,1,0.01,21.75,11.98,40.5
"2023-06-26 15:13:41.2",1373,0.3,1,0.01,21.75,11.98,40.5
"2023-06-26 15:13:41.4",1374,0.3000022,1,0.011,21.75,11.98,40.5
"2023-06-26 15:13:41.6",1375,0.3,1,0.01,21.75,11.98,40.5
"2023-06-26 15:13:41.8",1376,0.3,1,0.01,21.75,11.98,40.5
"2023-06-26 15:13:42",1377,0.3000022,1,0.011,21.75,11.98,40.5
"2023-06-26 15:13:42.2",1378,0.3,1,0.01,21.75,11.98,40.5
"2023-06-26 15:13:42.4",1379,0.3,1,0.01,21.75,11.98,40.5
"2023-06-26 15:13:42.6",1380,0.3000022,1,0.011,21.75,11.98,40.5
"2023-06-26 15:13:42.8",1381,-0.3082254,1,0.01,21.75,11.98,40.5
"2023-06-26 15:13:43",1382,0.3,1,0.01,21.75,11.98,40.5
"2023-06-26 15:13:43.2",1383,0.3000022,1,0.011,21.75,11.98,40.5
"2023-06-26 15:13:43.4",1384,0.3,1,0.01,21.75,11.98,40.5
"2023-06-26 15:13:43.6",1385,-0.3082265,1,0.01,21.75,11.98,40.5
"2023-06-26 15:13:43.8",1386,0.3000022,1,0.011,21.75,11.98,40.5
"2023-06-26 15:13:44",1387,0.3,1,0.01,21.78,11.98,40.5
"2023-06-26 15:13:44.2",1388,0.3,1,0.01,21.75,11.98,40.5
"2023-06-26 15:13:44.4",1389,0.3000022,1,0.011,21.75,11.98,40.5
"2023-06-26 15:13:44.6",1390,0.3,1,0.01,21.75,11.98,40.5
"2023-06-26 15:13:44.8",1391,-0.3082265,1,0.01,21.78,11.98,40.5
"2023-06-26 15:13:45",1392,0.3000022,1,0.011,21.75,11.98,40.5
"2023-06-26 15:13:45.2",1393,0.3,1,0.01,21.78,11.98,40.5
"2023-06-26 15:13:45.4",1394,0.3,1,0.01,21.78,11.98,40.5
"2023-06-26 15:13:45.6",1395,0.3000022,1,0.011,21.75,11.98,40.5
"2023-06-26 15:13:45.8",1396,0.3,1,0.01,21.75,11.98,40.5
"2023-06-26 15:13:46",1397,0.3,1,0.01,21.75,11.98,40.5
"2023-06-26 15:13:46.2",1398,0.3000022,1,0.011,21.78,11.98,40.5
"2023-06-26 15:13:46.4",1399,0.3,1,0.01,21.75,11.98,40.5
"2023-06-26 15:13:46.6",1400,0.3,1,0.01,21.75,11.99,40.5
"2023-06-26 15:13:46.8",1401,0.6041122,1,0.011,21.78,11.98,40.5
"2023-06-26 15:13:47",1402,-0.004113227,1,0.01,21.78,11.98,40.5
"2023-06-26 15:13:47.2",1403,0.3,1,0.01,21.78,11.98,40.5
"2023-06-26 15:13:47.4",1404,0.3000022,1,0.011,21.78,11.98,40.5
"2023-06-26 15:13:47.6",1405,-0.3082265,1,0.01,21.78,11.98,40.5
"2023-06-26 15:13:47.8",1406,0.3,1,0.01,21.78,11.98,40.5
"2023-06-26 15:13:48",1407,-0.004112184,1,0.011,21.78,11.98,40.5
"2023-06-26 15:13:48.2",1408,0.3,1,0.01,21.78,11.98,40.5
"2023-06-26 15:13:48.4",1409,0.3,1,0.01,21.75,11.98,40.5
"2023-06-26 15:13:48.6",1410,0.3000022,1,0.011,21.78,11.98,40.5
"2023-06-26 15:13:48.8",1411,0.3,1,0.01,21.78,11.98,40.5
"2023-06-26 15:13:49",1412,0.3,1,0.01,21.78,11.98,40.5
"2023-06-26 15:13:49.2",1413,0.3000022,1,0.011,21.78,11.98,40.5
"2023-06-26 15:13:49.4",1414,0.3,1,0.01,21.78,11.98,40.5
"2023-06-26 15:13:49.6",1415,0.3,1,0.01,21.78,11.98,40.5
"2023-06-26 15:13:49.8",1416,0.3000022,1,0.011,21.78,11.98,40.5
"2023-06-26 15:13:50",1417,0.3,1,0.01,21.78,11.98,40.5
"2023-06-26 15:13:50.2",1418,0.3,1,0.01,21.78,11.98,40.5
"2023-06-26 15:13:50.4",1419,-0.004112184,1,0.011,21.78,11.98,40.5
"2023-06-26 15:13:50.6",1420,-0.004113227,1,0.01,21.78,11.98,40.5
"2023-06-26 15:13:50.8",1421,-0.004113227,1,0.01,21.78,11.98,40.5
"2023-06-26 15:13:51",1422,0.3000022,1,0.011,21.78,11.98,40.5
"2023-06-26 15:13:51.2",1423,0.3,1,0.01,21.78,11.98,40.5
"2023-06-26 15:13:51.4",1424,0.3,1,0.01,21.78,11.98,40.5
"2023-06-26 15:13:51.6",1425,0.3000022,1,0.011,21.78,11.98,40.5
"2023-06-26 15:13:51.8",1426,-0.3082265,1,0.01,21.78,11.98,40.5
"2023-06-26 15:13:52",1427,0.3,1,0.01,21.78,11.98,40.5
"2023-06-26 15:13:52.2",1428,0.3000022,1,0.011,21.78,11.98,40.5
"2023-06-26 15:13:52.4",1429,-0.3082265,1,0.01,21.78,11.98,40.5
"2023-06-26 15:13:52.6",1430,-0.004113227,1,0.01,21.78,11.98,40.5
"2023-06-26 15:13:52.8",1431,0.3000022,1,0.011,21.78,11.98,40.5
"2023-06-26 15:13:53",1432,0.3,1,0.011,21.78,11.98,40.5
"2023-06-26 15:13:53.2",1433,0.3,1,0.01,21.78,11.98,40.5
"2023-06-26 15:13:53.4",1434,0.3000022,1,0.011,21.78,11.98,40.5
"2023-06-26 15:13:53.6",1435,0.3,1,0.011,21.78,11.98,40.5
"2023-06-26 15:13:53.8",1436,0.3,1,0.01,21.78,11.98,40.5
"2023-06-26 15:13:54",1437,0.3000022,1,0.011,21.78,11.99,40.5
"2023-06-26 15:13:54.2",1438,0.3,1,0.011,21.78,11.98,40.5
"2023-06-26 15:13:54.4",1439,0.3,1,0.01,21.78,11.98,40.47
"2023-06-26 15:13:54.6",1440,0.3000022,1,0.011,21.78,11.98,40.5
"2023-06-26 15:13:54.8",1441,0.3,1,0.011,21.78,11.98,40.47
"2023-06-26 15:13:55",1442,0.3,1,0.01,21.78,11.98,40.47
"2023-06-26 15:13:55.2",1443,-0.004112184,1,0.011,21.78,11.98,40.5
"2023-06-26 15:13:55.4",1444,0.3,1,0.01,21.78,11.98,40.5
"2023-06-26 15:13:55.6",1445,0.3,1,0.01,21.78,11.98,40.5
"2023-06-26 15:13:55.8",1446,0.3000022,1,0.011,21.78,11.98,40.5
"2023-06-26 15:13:56",1447,0.3,1,0.01,21.78,11.98,40.47
"2023-06-26 15:13:56.2",1448,0.3,1,0.01,21.78,11.99,40.5
"2023-06-26 15:13:56.4",1449,-0.004112184,1,0.011,21.78,11.98,40.5
"2023-06-26 15:13:56.6",1450,-0.3082254,1,0.01,21.78,11.98,40.5
"2023-06-26 15:13:56.8",1451,0.3,1,0.01,21.78,11.98,40.47
"2023-06-26 15:13:57",1452,0.3000022,1,0.011,21.78,11.98,40.47
"2023-06-26 15:13:57.2",1453,0.3,1,0.01,21.78,11.98,40.5
"2023-06-26 15:13:57.4",1454,0.3,1,0.01,21.78,11.99,40.5
"2023-06-26 15:13:57.6",1455,0.3000022,1,0.011,21.78,11.98,40.47
"2023-06-26 15:13:57.8",1456,-0.004113227,1,0.01,21.78,11.98,40.5
"2023-06-26 15:13:58",1457,0.3,1,0.01,21.78,11.98,40.5
"2023-06-26 15:13:58.2",1458,-0.004112184,1,0.011,21.78,11.98,40.47
"2023-06-26 15:13:58.4",1459,0.3,1,0.01,21.78,11.98,40.47
"2023-06-26 15:13:58.6",1460,0.3,1,0.01,21.78,11.98,40.5
"2023-06-26 15:13:58.8",1461,0.3000022,1,0.011,21.78,11.98,40.5
"2023-06-26 15:13:59",1462,0.3,1,0.01,21.78,11.98,40.5
"2023-06-26 15:13:59.2",1463,0.3,1,0.01,21.78,11.98,40.47
"2023-06-26 15:13:59.4",1464,-0.004112184,1,0.011,21.78,11.98,40.5
"2023-06-26 15:13:59.6",1465,0.3,1,0.01,21.78,11.98,40.5
"2023-06-26 15:13:59.8",1466,0.3000022,1,0.011,21.78,11.98,40.5
"2023-06-26 15:14:00",1467,-0.0041143,1,0.011,21.78,11.98,40.47
"2023-06-26 15:14:00.2",1468,0.3,1,0.01,21.78,11.98,40.5
