"TOA5","CS110","CR1000","93710","CR1000.Std.32.04","CPU:CS110_1675_5Hz.cr1","8341","Tab"
"TIMESTAMP","RECORD","E_field","status","leakage_cur","panel_temp","battery_volt","internal_RH"
"TS","RN","volts/m","","nA","DegC","V","%"
"","","Smp","Smp","Smp","Smp","Smp","Smp"
"2023-06-20 10:40:35.6",0,-0.03303099,4,0.011,20.85,11.99,41.17
"2023-06-20 10:40:36",1,-0.03303003,8,0.01,20.85,11.99,41.17
"2023-06-20 10:40:36.2",2,-0.3371367,1,0.011,20.85,11.99,41.17
"2023-06-20 10:40:36.4",3,-0.03303003,1,0.01,20.85,11.99,41.17
"2023-06-20 10:40:36.6",4,-0.03303003,1,0.009,20.85,11.99,41.17
"2023-06-20 10:40:36.8",5,0.2710791,1,0.01,20.85,11.99,41.17
"2023-06-20 10:40:37",6,-0.03303003,1,0.01,20.85,11.99,41.17
"2023-06-20 10:40:37.2",7,-0.03302884,1,0.011,20.85,11.99,41.17
"2023-06-20 10:40:37.4",8,-0.03303003,1,0.01,20.85,11.99,41.17
"2023-06-20 10:40:37.6",9,0.2710791,1,0.011,20.85,11.99,41.17
"2023-06-20 10:40:37.8",10,-0.3371379,1,0.01,20.85,11.99,41.17
"2023-06-20 10:40:38",11,-0.3371379,1,0.01,20.85,11.99,41.17
"2023-06-20 10:40:38.2",12,-0.03302884,1,0.011,20.85,11.99,41.17
"2023-06-20 10:40:38.4",13,-0.03303003,1,0.01,20.85,11.99,41.17
"2023-06-20 10:40:38.6",14,0.2710791,1,0.011,20.85,11.99,41.17
"2023-06-20 10:40:38.8",15,0.2710779,1,0.01,20.85,11.99,41.17
"2023-06-20 10:40:39",16,-0.3371379,1,0.01,20.85,11.99,41.17
"2023-06-20 10:40:39.2",17,-0.03302884,1,0.011,20.85,11.99,41.17
"2023-06-20 10:40:39.4",18,-0.03303003,1,0.01,20.85,11.99,41.17
"2023-06-20 10:40:39.6",19,-0.3371367,1,0.011,20.85,11.99,41.17
"2023-06-20 10:40:39.8",20,-0.3371379,1,0.01,20.85,11.99,41.17
"2023-06-20 10:40:40",21,-0.03303003,1,0.009,20.85,11.99,41.17
"2023-06-20 10:40:40.2",22,0.2710791,1,0.01,20.85,11.99,41.14
"2023-06-20 10:40:40.4",23,-0.3371379,1,0.01,20.85,11.99,41.14
"2023-06-20 10:40:40.6",24,0.2710791,1,0.011,20.85,11.99,41.17
"2023-06-20 10:40:40.8",25,-0.03303003,1,0.01,20.85,11.99,41.14
"2023-06-20 10:40:41",26,-0.03303003,1,0.009,20.85,11.99,41.17
"2023-06-20 10:40:41.2",27,-0.03302884,1,0.011,20.85,11.99,41.14
"2023-06-20 10:40:41.4",28,-0.3371379,1,0.01,20.85,11.99,41.17
"2023-06-20 10:40:41.6",29,-0.03302884,1,0.011,20.85,11.99,41.14
"2023-06-20 10:40:41.8",30,-0.3371379,1,0.01,20.85,11.99,41.17
"2023-06-20 10:40:42",31,-0.3371379,1,0.01,20.85,11.99,41.14
"2023-06-20 10:40:42.2",32,0.2710791,1,0.011,20.85,11.99,41.14
"2023-06-20 10:40:42.4",33,-0.3371379,1,0.01,20.85,11.99,41.17
"2023-06-20 10:40:42.6",34,-0.3371367,1,0.011,20.85,11.99,41.14
"2023-06-20 10:40:42.8",35,-0.3371379,1,0.01,20.85,11.99,41.14
"2023-06-20 10:40:43",36,-0.3371379,1,0.01,20.85,11.99,41.14
"2023-06-20 10:40:43.2",37,-0.3371367,1,0.011,20.88,11.99,41.14
"2023-06-20 10:40:43.4",38,0.2710779,1,0.01,20.85,11.99,41.14
"2023-06-20 10:40:43.6",39,-0.03302884,1,0.011,20.88,11.99,41.14
"2023-06-20 10:40:43.8",40,-0.3371379,1,0.011,20.88,11.99,41.14
"2023-06-20 10:40:44",41,-0.3371379,1,0.01,20.85,11.99,41.14
"2023-06-20 10:40:44.2",42,-0.3371367,1,0.011,20.88,11.99,41.14
"2023-06-20 10:40:44.4",43,-0.03303003,1,0.01,20.88,11.99,41.14
"2023-06-20 10:40:44.6",44,-0.3371379,1,0.01,20.88,11.99,41.14
"2023-06-20 10:40:44.8",45,0.2710791,1,0.011,20.88,11.99,41.14
"2023-06-20 10:40:45",46,-0.3371379,1,0.01,20.88,11.99,41.14
"2023-06-20 10:40:45.2",47,-0.03302884,1,0.011,20.88,11.99,41.14
"2023-06-20 10:40:45.4",48,-0.3371379,1,0.011,20.85,11.99,41.14
"2023-06-20 10:40:45.6",49,-0.3371379,1,0.01,20.88,11.99,41.14
"2023-06-20 10:40:45.8",50,-0.03302884,1,0.011,20.88,11.99,41.14
"2023-06-20 10:40:46",51,-0.3371379,1,0.01,20.88,11.99,41.14
"2023-06-20 10:40:46.2",52,-0.03303003,1,0.01,20.88,11.99,41.14
"2023-06-20 10:40:46.4",53,-0.03302884,1,0.011,20.88,11.99,41.14
"2023-06-20 10:40:46.6",54,0.2710779,1,0.01,20.88,11.99,41.14
"2023-06-20 10:40:46.8",55,-0.3371379,1,0.01,20.88,11.99,41.14
"2023-06-20 10:40:47",56,-0.03302884,1,0.011,20.88,11.99,41.14
"2023-06-20 10:40:47.2",57,-0.3371379,1,0.01,20.88,11.99,41.14
"2023-06-20 10:40:47.4",58,-0.3371379,1,0.01,20.88,11.99,41.14
"2023-06-20 10:40:47.6",59,0.2710791,1,0.011,20.88,11.99,41.14
"2023-06-20 10:40:47.8",60,-0.3371379,1,0.01,20.88,11.99,41.14
"2023-06-20 10:40:48",61,-0.03302884,1,0.011,20.88,11.99,41.14
"2023-06-20 10:40:48.2",62,0.2710779,1,0.01,20.88,11.99,41.14
"2023-06-20 10:40:48.4",63,-0.03303003,1,0.01,20.88,11.99,41.14
"2023-06-20 10:40:48.6",64,-0.03302884,1,0.011,20.88,11.99,41.14
"2023-06-20 10:40:48.8",65,-0.03303003,1,0.01,20.88,11.99,41.14
"2023-06-20 10:40:49",66,-0.3371379,1,0.01,20.88,11.99,41.14
"2023-06-20 10:40:49.2",67,0.2710791,1,0.011,20.88,11.99,41.14
"2023-06-20 10:40:49.4",68,-0.03303003,1,0.01,20.88,11.99,41.14
"2023-06-20 10:40:49.6",69,-0.03302884,1,0.011,20.88,11.99,41.14
"2023-06-20 10:40:49.8",70,-0.03303003,1,0.01,20.88,11.99,41.14
"2023-06-20 10:40:50",71,-0.3371367,1,0.011,20.88,11.99,41.14
"2023-06-20 10:40:50.2",72,-0.03303003,1,0.01,20.88,11.99,41.14
"2023-06-20 10:40:50.4",73,-0.03303003,1,0.01,20.88,11.99,41.14
"2023-06-20 10:40:50.6",74,0.2710791,1,0.011,20.88,11.99,41.14
"2023-06-20 10:40:50.8",75,-0.3371379,1,0.01,20.88,11.99,41.14
"2023-06-20 10:40:51",76,-0.03302884,1,0.011,20.88,11.99,41.14
"2023-06-20 10:40:51.2",77,-0.03303003,1,0.01,20.88,11.99,41.14
"2023-06-20 10:40:51.4",78,-0.3371379,1,0.01,20.88,11.99,41.14
"2023-06-20 10:40:51.6",79,-0.03302884,1,0.011,20.88,11.99,41.14
"2023-06-20 10:40:51.8",80,-0.3371379,1,0.01,20.88,11.99,41.14
"2023-06-20 10:40:52",81,-0.3371379,1,0.01,20.88,11.99,41.14
"2023-06-20 10:40:52.2",82,0.575187,1,0.011,20.88,11.99,41.14
"2023-06-20 10:40:52.4",83,-0.03303003,1,0.01,20.88,11.99,41.14
"2023-06-20 10:40:52.6",84,-0.03302884,1,0.011,20.88,11.99,41.14
"2023-06-20 10:40:52.8",85,-0.3371379,1,0.01,20.88,11.99,41.14
"2023-06-20 10:40:53",86,-0.03303003,1,0.01,20.88,11.99,41.14
"2023-06-20 10:40:53.2",87,-0.03302884,1,0.011,20.88,11.99,41.14
"2023-06-20 10:40:53.4",88,-0.03303003,1,0.01,20.88,11.99,41.14
"2023-06-20 10:40:53.6",89,-0.03303003,1,0.009,20.88,11.99,41.14
"2023-06-20 10:40:53.8",90,-0.03302884,1,0.011,20.88,11.99,41.14
"2023-06-20 10:40:54",91,-0.3371379,1,0.01,20.88,11.99,41.14
"2023-06-20 10:40:54.2",92,-0.3371367,1,0.011,20.88,11.99,41.14
"2023-06-20 10:40:54.4",93,-0.03303003,1,0.01,20.88,11.99,41.14
"2023-06-20 10:40:54.6",94,-0.3371379,1,0.01,20.88,11.99,41.14
"2023-06-20 10:40:54.8",95,0.2710791,1,0.011,20.88,11.99,41.14
"2023-06-20 10:40:55",96,0.2710769,1,0.01,20.88,11.99,41.14
"2023-06-20 10:40:55.2",97,0.2710791,1,0.011,20.88,11.99,41.14
"2023-06-20 10:40:55.4",98,0.2710779,1,0.01,20.88,11.99,41.14
"2023-06-20 10:40:55.6",99,-0.03303003,1,0.01,20.88,11.99,41.14
"2023-06-20 10:40:55.8",100,-0.3371367,1,0.011,20.88,11.99,41.14
"2023-06-20 10:40:56",101,-0.3371379,1,0.01,20.88,11.99,41.14
"2023-06-20 10:40:56.2",102,0.2710791,1,0.011,20.88,12,41.14
"2023-06-20 10:40:56.4",103,-0.3371379,1,0.01,20.88,11.99,41.14
"2023-06-20 10:40:56.6",104,-0.03303003,1,0.009,20.88,11.99,41.14
"2023-06-20 10:40:56.8",105,-0.3371367,1,0.01,20.88,11.99,41.14
"2023-06-20 10:40:57",106,-0.3371379,1,0.01,20.88,11.99,41.14
"2023-06-20 10:40:57.2",107,-0.3371367,1,0.011,20.88,11.99,41.14
"2023-06-20 10:40:57.4",108,-0.3371379,1,0.01,20.88,11.99,41.14
"2023-06-20 10:40:57.6",109,0.2710791,1,0.011,20.88,11.99,41.14
"2023-06-20 10:40:57.8",110,-0.03303003,1,0.01,20.88,11.99,41.14
"2023-06-20 10:40:58",111,-0.03303003,1,0.009,20.91,11.99,41.14
"2023-06-20 10:40:58.2",112,-0.03302884,1,0.011,20.91,11.99,41.14
"2023-06-20 10:40:58.4",113,-0.3371379,1,0.01,20.91,11.99,41.14
"2023-06-20 10:40:58.6",114,0.2710791,1,0.011,20.88,11.99,41.14
"2023-06-20 10:40:58.8",115,-0.3371379,1,0.01,20.91,11.99,41.14
"2023-06-20 10:40:59",116,-0.3371379,1,0.01,20.91,11.99,41.14
"2023-06-20 10:40:59.2",117,-0.3371367,1,0.011,20.91,11.99,41.14
"2023-06-20 10:40:59.4",118,-0.3371379,1,0.01,20.91,11.99,41.11
"2023-06-20 10:40:59.6",119,0.575187,1,0.011,20.91,11.99,41.14
"2023-06-20 10:40:59.8",120,-0.3371379,1,0.01,20.91,11.99,41.14
"2023-06-20 10:41:00",121,-0.3371379,1,0.01,20.91,11.99,41.14
"2023-06-20 10:41:00.2",122,-0.3371367,1,0.011,20.91,11.99,41.14
"2023-06-20 10:41:00.4",123,-0.3371379,1,0.01,20.91,11.99,41.14
"2023-06-20 10:41:00.6",124,-0.6412446,1,0.011,20.91,11.99,41.14
"2023-06-20 10:41:00.8",125,-0.03303003,1,0.01,20.91,11.99,41.11
"2023-06-20 10:41:01",126,-0.03303003,1,0.01,20.91,11.99,41.14
"2023-06-20 10:41:01.2",127,0.575187,1,0.011,20.91,11.99,41.11
"2023-06-20 10:41:01.4",128,-0.03303003,1,0.01,20.91,11.99,41.11
"2023-06-20 10:41:01.6",129,0.2710779,1,0.01,20.91,11.99,41.14
"2023-06-20 10:41:01.8",130,-0.6412446,1,0.011,20.91,11.99,41.14
"2023-06-20 10:41:02",131,-0.03303003,1,0.01,20.91,11.99,41.11
"2023-06-20 10:41:02.2",132,0.2710791,1,0.011,20.91,11.99,41.14
"2023-06-20 10:41:02.4",133,-0.3371379,1,0.01,20.91,11.99,41.11
"2023-06-20 10:41:02.6",134,-0.03303003,1,0.009,20.91,11.99,41.14
"2023-06-20 10:41:02.8",135,-0.3371367,1,0.01,20.91,11.99,41.11
"2023-06-20 10:41:03",136,-0.03303003,1,0.01,20.91,11.99,41.11
"2023-06-20 10:41:03.2",137,-0.03302884,1,0.011,20.91,11.99,41.11
"2023-06-20 10:41:03.4",138,-0.3371379,1,0.01,20.91,11.99,41.11
"2023-06-20 10:41:03.6",139,0.2710791,1,0.012,20.91,11.99,41.11
"2023-06-20 10:41:03.8",140,-0.3371379,1,0.011,20.91,11.99,41.11
"2023-06-20 10:41:04",141,-0.03303003,1,0.01,20.91,11.99,41.11
"2023-06-20 10:41:04.2",142,0.2710791,1,0.011,20.91,11.99,41.11
"2023-06-20 10:41:04.4",143,-0.3371379,1,0.01,20.91,11.99,41.11
"2023-06-20 10:41:04.6",144,-0.3371379,1,0.01,20.91,11.99,41.11
"2023-06-20 10:41:04.8",145,0.575187,1,0.011,20.91,11.99,41.11
"2023-06-20 10:41:05",146,-0.3371379,1,0.01,20.91,11.99,41.11
"2023-06-20 10:41:05.2",147,0.2710791,1,0.011,20.91,11.99,41.11
"2023-06-20 10:41:05.4",148,0.2710779,1,0.01,20.91,11.99,41.11
"2023-06-20 10:41:05.6",149,-0.3371379,1,0.01,20.91,11.99,41.11
"2023-06-20 10:41:05.8",150,-0.3371367,1,0.011,20.91,11.99,41.11
"2023-06-20 10:41:06",151,-0.03303003,1,0.01,20.91,11.99,41.11
"2023-06-20 10:41:06.2",152,-0.03303003,1,0.009,20.91,11.99,41.11
"2023-06-20 10:41:06.4",153,0.575187,1,0.011,20.91,11.99,41.11
"2023-06-20 10:41:06.6",154,-0.03303003,1,0.01,20.91,11.99,41.11
"2023-06-20 10:41:06.8",155,-0.3371367,1,0.011,20.91,11.99,41.11
"2023-06-20 10:41:07",156,-0.3371379,1,0.01,20.91,11.99,41.11
"2023-06-20 10:41:07.2",157,-0.3371379,1,0.01,20.91,11.99,41.11
"2023-06-20 10:41:07.4",158,-0.6412446,1,0.011,20.91,11.99,41.11
"2023-06-20 10:41:07.6",159,-0.03303003,1,0.01,20.93,11.99,41.11
"2023-06-20 10:41:07.8",160,0.2710779,1,0.01,20.93,11.99,41.11
"2023-06-20 10:41:08",161,0.2710791,1,0.011,20.91,11.99,41.11
"2023-06-20 10:41:08.2",162,-0.3371379,1,0.01,20.91,11.99,41.11
"2023-06-20 10:41:08.4",163,-0.3371367,1,0.011,20.93,11.99,41.11
"2023-06-20 10:41:08.6",164,-0.03303003,1,0.01,20.91,11.99,41.11
"2023-06-20 10:41:08.8",165,-0.3371379,1,0.01,20.91,11.99,41.11
"2023-06-20 10:41:09",166,-0.3371367,1,0.011,20.93,11.99,41.11
"2023-06-20 10:41:09.2",167,-0.03303003,1,0.01,20.93,11.99,41.07
"2023-06-20 10:41:09.4",168,-0.03302884,1,0.011,20.93,11.99,41.11
"2023-06-20 10:41:09.6",169,-0.3371379,1,0.011,20.93,11.99,41.11
"2023-06-20 10:41:09.8",170,-0.03303003,1,0.01,20.93,11.99,41.11
"2023-06-20 10:41:10",171,0.2710791,1,0.011,20.93,11.99,41.11
"2023-06-20 10:41:10.2",172,-0.03303003,1,0.01,20.93,11.99,41.07
"2023-06-20 10:41:10.4",173,0.2710779,1,0.01,20.93,11.99,41.07
"2023-06-20 10:41:10.6",174,-0.03302884,1,0.011,20.93,11.99,41.07
"2023-06-20 10:41:10.8",175,-0.03303003,1,0.01,20.93,11.99,41.07
"2023-06-20 10:41:11",176,-0.3371379,1,0.01,20.93,11.99,41.11
"2023-06-20 10:41:11.2",177,-0.03302884,1,0.011,20.93,11.99,41.07
"2023-06-20 10:41:11.4",178,-0.03303003,1,0.01,20.93,11.99,41.07
"2023-06-20 10:41:11.6",179,0.2710791,1,0.011,20.93,11.99,41.07
"2023-06-20 10:41:11.8",180,-0.3371379,1,0.01,20.93,11.99,41.07
"2023-06-20 10:41:12",181,-0.03303003,1,0.01,20.93,11.99,41.07
"2023-06-20 10:41:12.2",182,0.2710791,1,0.011,20.93,11.99,41.07
"2023-06-20 10:41:12.4",183,-0.3371379,1,0.01,20.93,11.99,41.07
"2023-06-20 10:41:12.6",184,0.2710791,1,0.011,20.93,11.99,41.07
"2023-06-20 10:41:12.8",185,-0.3371379,1,0.01,20.93,11.99,41.07
"2023-06-20 10:41:13",186,-0.03303003,1,0.01,20.93,11.99,41.07
"2023-06-20 10:41:13.2",187,-0.03302884,1,0.011,20.93,11.99,41.07
"2023-06-20 10:41:13.4",188,-0.3371379,1,0.01,20.93,11.99,41.07
"2023-06-20 10:41:13.6",189,-0.3371367,1,0.011,20.93,11.99,41.07
"2023-06-20 10:41:13.8",190,-0.03303003,1,0.011,20.93,11.99,41.07
"2023-06-20 10:41:14",191,0.2710779,1,0.01,20.93,11.99,41.07
"2023-06-20 10:41:14.2",192,-0.03302884,1,0.011,20.93,11.99,41.07
"2023-06-20 10:41:14.4",193,-0.3371379,1,0.01,20.93,11.99,41.07
"2023-06-20 10:41:14.6",194,-0.3371379,1,0.01,20.93,11.99,41.07
"2023-06-20 10:41:14.8",195,-0.03302884,1,0.011,20.93,11.99,41.07
"2023-06-20 10:41:15",196,-0.3371379,1,0.01,20.93,11.99,41.07
"2023-06-20 10:41:15.2",197,-0.3371379,1,0.01,20.93,11.99,41.07
"2023-06-20 10:41:15.4",198,0.2710791,1,0.011,20.93,11.99,41.07
"2023-06-20 10:41:15.6",199,-0.03303003,1,0.01,20.93,11.99,41.07
"2023-06-20 10:41:15.8",200,-0.3371367,1,0.011,20.93,11.99,41.07
"2023-06-20 10:41:16",201,-0.03303003,1,0.01,20.93,11.99,41.07
"2023-06-20 10:41:16.2",202,-0.03303003,1,0.01,20.93,11.99,41.07
"2023-06-20 10:41:16.4",203,0.575187,1,0.011,20.93,11.99,41.07
"2023-06-20 10:41:16.6",204,-0.3371379,1,0.01,20.93,11.99,41.07
"2023-06-20 10:41:16.8",205,-0.03303003,1,0.01,20.93,11.99,41.07
"2023-06-20 10:41:17",206,-0.03302884,1,0.011,20.93,11.99,41.07
"2023-06-20 10:41:17.2",207,-0.3371379,1,0.01,20.93,11.99,41.07
"2023-06-20 10:41:17.4",208,-0.3371379,1,0.01,20.93,11.99,41.07
"2023-06-20 10:41:17.6",209,-0.03302884,1,0.011,20.93,11.99,41.07
"2023-06-20 10:41:17.8",210,-0.3371379,1,0.01,20.93,11.99,41.07
"2023-06-20 10:41:18",211,0.2710791,1,0.011,20.93,11.99,41.07
"2023-06-20 10:41:18.2",212,-0.03303003,1,0.01,20.93,11.99,41.07
"2023-06-20 10:41:18.4",213,-0.3371379,1,0.01,20.93,11.99,41.07
"2023-06-20 10:41:18.6",214,-0.03302884,1,0.011,20.93,11.99,41.07
"2023-06-20 10:41:18.8",215,-0.03303003,1,0.01,20.93,11.99,41.07
"2023-06-20 10:41:19",216,0.2710791,1,0.011,20.93,11.99,41.07
"2023-06-20 10:41:19.2",217,-0.3371379,1,0.01,20.93,11.99,41.07
"2023-06-20 10:41:19.4",218,-0.3371379,1,0.01,20.93,11.99,41.07
"2023-06-20 10:41:19.6",219,0.2710791,1,0.011,20.93,11.99,41.07
"2023-06-20 10:41:19.8",220,-0.3371379,1,0.01,20.93,11.99,41.07
"2023-06-20 10:41:20",221,-0.03302884,1,0.011,20.93,11.99,41.07
"2023-06-20 10:41:20.2",222,-0.3371379,1,0.01,20.93,11.99,41.07
"2023-06-20 10:41:20.4",223,-0.3371379,1,0.01,20.96,11.99,41.07
"2023-06-20 10:41:20.6",224,-0.3371367,1,0.011,20.93,11.99,41.07
"2023-06-20 10:41:20.8",225,-0.03303003,1,0.01,20.93,11.99,41.07
"2023-06-20 10:41:21",226,-0.03302884,1,0.011,20.96,11.99,41.07
"2023-06-20 10:41:21.2",227,-0.03303003,1,0.01,20.93,11.99,41.07
"2023-06-20 10:41:21.4",228,-0.3371379,1,0.01,20.93,11.99,41.07
"2023-06-20 10:41:21.6",229,-0.3371367,1,0.011,20.96,11.99,41.07
"2023-06-20 10:41:21.8",230,-0.3371379,1,0.01,20.96,11.99,41.07
"2023-06-20 10:41:22",231,-0.3371367,1,0.011,20.93,11.99,41.07
"2023-06-20 10:41:22.2",232,-0.3371379,1,0.01,20.93,11.99,41.07
"2023-06-20 10:41:22.4",233,-0.03303003,1,0.009,20.96,11.99,41.07
"2023-06-20 10:41:22.6",234,0.2710791,1,0.011,20.93,11.99,41.07
"2023-06-20 10:41:22.8",235,-0.03303003,1,0.01,20.96,11.99,41.07
"2023-06-20 10:41:23",236,0.575187,1,0.011,20.93,11.99,41.07
"2023-06-20 10:41:23.2",237,0.2710779,1,0.01,20.96,11.99,41.07
"2023-06-20 10:41:23.4",238,0.575187,1,0.011,20.93,11.99,41.07
"2023-06-20 10:41:23.6",239,-0.03303003,1,0.011,20.93,11.99,41.07
"2023-06-20 10:41:23.8",240,0.2710779,1,0.01,20.93,11.99,41.07
"2023-06-20 10:41:24",241,0.2710791,1,0.011,20.93,11.99,41.07
"2023-06-20 10:41:24.2",242,0.2710779,1,0.01,20.96,11.99,41.07
"2023-06-20 10:41:24.4",243,-0.3371379,1,0.01,20.96,11.99,41.07
"2023-06-20 10:41:24.6",244,-0.03302884,1,0.011,20.93,11.99,41.07
"2023-06-20 10:41:24.8",245,-0.3371379,1,0.01,20.96,11.99,41.07
"2023-06-20 10:41:25",246,-0.3371379,1,0.01,20.96,12,41.07
"2023-06-20 10:41:25.2",247,-0.3371367,1,0.011,20.96,11.99,41.07
"2023-06-20 10:41:25.4",248,-0.3371379,1,0.01,20.96,12,41.04
"2023-06-20 10:41:25.6",249,0.2710791,1,0.011,20.96,11.99,41.04
"2023-06-20 10:41:25.8",250,-0.03303003,1,0.01,20.96,11.99,41.07
"2023-06-20 10:41:26",251,0.2710791,1,0.011,20.96,11.99,41.07
"2023-06-20 10:41:26.2",252,-0.03303003,1,0.011,20.96,11.99,41.07
"2023-06-20 10:41:26.4",253,-0.03303003,1,0.01,20.96,11.99,41.04
"2023-06-20 10:41:26.6",254,-0.6412446,1,0.011,20.96,11.99,41.07
"2023-06-20 10:41:26.8",255,-0.3371379,1,0.011,20.96,11.99,41.04
"2023-06-20 10:41:27",256,-0.03303003,1,0.01,20.96,11.99,41.04
"2023-06-20 10:41:27.2",257,-0.3371367,1,0.011,20.96,11.99,41.07
"2023-06-20 10:41:27.4",258,-0.3371379,1,0.011,20.96,11.99,41.07
"2023-06-20 10:41:27.6",259,-0.03303003,1,0.01,20.96,11.99,41.07
"2023-06-20 10:41:27.8",260,0.2710791,1,0.011,20.96,11.99,41.04
"2023-06-20 10:41:28",261,-0.03303003,1,0.01,20.96,11.99,41.07
"2023-06-20 10:41:28.2",262,0.2710898,1,0.011,20.96,11.99,41.04
"2023-06-20 10:41:28.4",263,-0.3371294,1,0.01,20.96,11.99,41.07
"2023-06-20 10:41:28.6",264,-0.03302026,1,0.01,20.96,11.99,41.04
"2023-06-20 10:41:28.8",265,-0.3371282,1,0.011,20.96,11.99,41.04
"2023-06-20 10:41:29",266,-0.3371294,1,0.01,20.96,11.99,41.04
"2023-06-20 10:41:29.2",267,-0.3371294,1,0.01,20.96,11.99,41.04
"2023-06-20 10:41:29.4",268,-0.3371282,1,0.011,20.96,11.99,41.04
"2023-06-20 10:41:29.6",269,-0.3371294,1,0.01,20.96,11.99,41.04
"2023-06-20 10:41:29.8",270,0.2710898,1,0.011,20.96,11.99,41.04
"2023-06-20 10:41:30",271,0.2710886,1,0.01,20.96,11.99,41.04
"2023-06-20 10:41:30.2",272,0.2710886,1,0.01,20.96,11.99,41.04
"2023-06-20 10:41:30.4",273,-0.6412382,1,0.011,20.96,11.99,41.04
"2023-06-20 10:41:30.6",274,-0.3371294,1,0.01,20.96,11.99,41.04
"2023-06-20 10:41:30.8",275,0.2710898,1,0.011,20.96,11.99,41.04
"2023-06-20 10:41:31",276,-0.3371294,1,0.01,20.96,11.99,41.04
"2023-06-20 10:41:31.2",277,0.2710886,1,0.01,20.96,11.99,41.04
"2023-06-20 10:41:31.4",278,-0.03302026,1,0.011,20.96,11.99,41.04
"2023-06-20 10:41:31.6",279,-0.03302026,1,0.01,20.96,11.99,41.04
"2023-06-20 10:41:31.8",280,-0.3371294,1,0.01,20.96,11.99,41.04
"2023-06-20 10:41:32",281,0.2710898,1,0.011,20.96,11.99,41.04
"2023-06-20 10:41:32.2",282,-0.3371294,1,0.01,20.96,11.99,41.04
"2023-06-20 10:41:32.4",283,-0.03302026,1,0.011,20.96,11.99,41.04
"2023-06-20 10:41:32.6",284,-0.3371294,1,0.011,20.96,11.99,41.04
"2023-06-20 10:41:32.8",285,-0.3371294,1,0.01,20.96,11.99,41.04
"2023-06-20 10:41:33",286,-0.03302026,1,0.011,20.99,11.99,41.04
"2023-06-20 10:41:33.2",287,0.2710886,1,0.01,20.96,11.99,41.04
"2023-06-20 10:41:33.4",288,-0.03302026,1,0.01,20.96,11.99,41.04
"2023-06-20 10:41:33.6",289,-0.3371282,1,0.011,20.96,11.99,41.04
"2023-06-20 10:41:33.8",290,-0.3371294,1,0.01,20.96,11.99,41.04
"2023-06-20 10:41:34",291,-0.3371294,1,0.01,20.99,11.99,41.04
"2023-06-20 10:41:34.2",292,-0.3371282,1,0.011,20.99,11.99,41.04
"2023-06-20 10:41:34.4",293,0.2710886,1,0.01,20.96,11.99,41.04
"2023-06-20 10:41:34.6",294,-0.3371282,1,0.011,20.99,11.99,41.04
"2023-06-20 10:41:34.8",295,-0.03302026,1,0.01,20.99,11.99,41.04
"2023-06-20 10:41:35",296,0.2710886,1,0.01,20.99,11.99,41.04
"2023-06-20 10:41:35.2",297,-0.03302026,1,0.011,20.99,11.99,41.04
"2023-06-20 10:41:35.4",298,-0.3371294,1,0.01,20.99,11.99,41.04
"2023-06-20 10:41:35.6",299,0.2710886,1,0.01,20.99,11.99,41.01
"2023-06-20 10:41:35.8",300,0.2710898,1,0.011,20.99,11.99,41.04
"2023-06-20 10:41:36",301,-0.0330193,1,0.01,20.99,11.99,41.04
"2023-06-20 10:41:36.2",302,-0.03302026,1,0.011,20.99,11.99,41.01
"2023-06-20 10:41:36.4",303,0.2710886,1,0.01,20.99,11.99,41.04
"2023-06-20 10:41:36.6",304,-0.03302026,1,0.01,20.99,11.99,41.04
"2023-06-20 10:41:36.8",305,-0.03302026,1,0.011,20.99,11.99,41.04
"2023-06-20 10:41:37",306,-0.3371294,1,0.01,20.99,11.99,41.01
"2023-06-20 10:41:37.2",307,-0.3371294,1,0.01,20.99,11.99,41.01
"2023-06-20 10:41:37.4",308,-0.03302026,1,0.011,20.99,11.99,41.01
"2023-06-20 10:41:37.6",309,0.2710886,1,0.01,20.99,11.99,41.04
"2023-06-20 10:41:37.8",310,-0.03302026,1,0.011,20.99,11.99,41.01
"2023-06-20 10:41:38",311,-0.03302026,1,0.011,20.99,11.99,41.01
"2023-06-20 10:41:38.2",312,-0.3371294,1,0.01,20.99,11.99,41.01
"2023-06-20 10:41:38.4",313,-0.03302026,1,0.011,20.99,11.99,41.01
"2023-06-20 10:41:38.6",314,0.2710886,1,0.011,20.99,11.99,41.01
"2023-06-20 10:41:38.8",315,-0.3371294,1,0.01,20.99,11.99,41.04
"2023-06-20 10:41:39",316,-0.6412382,1,0.011,20.99,11.99,41.01
"2023-06-20 10:41:39.2",317,-0.3371294,1,0.01,20.99,11.99,41.04
"2023-06-20 10:41:39.4",318,-0.3371294,1,0.01,20.99,11.99,41.01
"2023-06-20 10:41:39.6",319,-0.03302026,1,0.011,20.99,11.99,41.01
"2023-06-20 10:41:39.8",320,0.2710886,1,0.01,20.99,11.99,41.01
"2023-06-20 10:41:40",321,-0.03302026,1,0.01,20.99,11.99,41.01
"2023-06-20 10:41:40.2",322,-0.03302026,1,0.011,20.99,11.99,41.01
"2023-06-20 10:41:40.4",323,-0.3371294,1,0.01,20.99,11.99,41.01
"2023-06-20 10:41:40.6",324,-0.0330193,1,0.009,20.99,11.99,41.01
"2023-06-20 10:41:40.8",325,-0.3371282,1,0.01,20.99,11.99,41.01
"2023-06-20 10:41:41",326,-0.03302026,1,0.01,20.99,11.99,41.01
"2023-06-20 10:41:41.2",327,-0.03302026,1,0.011,20.99,11.99,41.01
"2023-06-20 10:41:41.4",328,-0.03302026,1,0.011,20.99,11.99,41.01
"2023-06-20 10:41:41.6",329,-0.0330193,1,0.01,20.99,11.99,41.01
"2023-06-20 10:41:41.8",330,-0.03302026,1,0.011,20.99,12.02,41.01
"2023-06-20 10:41:42",331,-0.03302026,1,0.01,20.99,12.02,41.01
"2023-06-20 10:41:42.2",332,-0.3371294,1,0.01,20.99,12.02,41.01
"2023-06-20 10:41:42.4",333,-0.6412382,1,0.011,20.99,12.01,41.01
"2023-06-20 10:41:42.6",334,-0.03302026,1,0.01,20.99,11.99,41.01
"2023-06-20 10:41:42.8",335,-0.3371294,1,0.01,20.99,12.02,41.01
"2023-06-20 10:41:43",336,-0.03302026,1,0.011,20.99,12.02,41.01
"2023-06-20 10:41:43.2",337,-0.0330193,1,0.01,20.99,11.99,41.01
"2023-06-20 10:41:43.4",338,0.2710898,1,0.011,20.99,12.02,41.01
"2023-06-20 10:41:43.6",339,-0.3371294,1,0.01,20.99,12.02,41.01
"2023-06-20 10:41:43.8",340,0.2710886,1,0.01,20.99,12.02,41.01
"2023-06-20 10:41:44",341,0.2710898,1,0.011,20.99,12.01,41.01
"2023-06-20 10:41:44.2",342,-0.03302026,1,0.01,20.99,11.99,41.01
"2023-06-20 10:41:44.4",343,-0.3371294,1,0.01,20.99,11.99,41.01
"2023-06-20 10:41:44.6",344,-0.03302026,1,0.011,20.99,12.02,41.01
"2023-06-20 10:41:44.8",345,-0.3371294,1,0.01,20.99,12,41.01
"2023-06-20 10:41:45",346,0.2710898,1,0.011,20.99,11.99,41.01
"2023-06-20 10:41:45.2",347,0.2710886,1,0.01,20.99,11.98,41.01
"2023-06-20 10:41:45.4",348,-0.3371294,1,0.01,20.99,11.98,41.01
"2023-06-20 10:41:45.6",349,-0.3371282,1,0.011,20.99,11.98,41.01
"2023-06-20 10:41:45.8",350,-0.03302026,1,0.01,20.99,11.99,41.01
"2023-06-20 10:41:46",351,-0.3371294,1,0.01,20.99,11.98,41.01
"2023-06-20 10:41:46.2",352,-0.03302026,1,0.011,20.99,11.99,41.01
"2023-06-20 10:41:46.4",353,-0.3371294,1,0.01,20.99,11.98,41.01
"2023-06-20 10:41:46.6",354,0.2710898,1,0.011,20.99,11.98,41.01
"2023-06-20 10:41:46.8",355,-0.3371294,1,0.01,20.99,11.98,41.01
"2023-06-20 10:41:47",356,-0.0330193,1,0.01,20.99,11.99,41.01
"2023-06-20 10:41:47.2",357,-0.3371282,1,0.011,20.99,11.98,41.01
"2023-06-20 10:41:47.4",358,-0.3371294,1,0.01,20.99,11.98,41.01
"2023-06-20 10:41:47.6",359,0.2710898,1,0.011,20.99,11.98,41.01
"2023-06-20 10:41:47.8",360,-0.03302026,1,0.01,20.99,11.98,41.01
"2023-06-20 10:41:48",361,-0.3371294,1,0.01,20.99,11.98,41.01
"2023-06-20 10:41:48.2",362,-0.03302026,1,0.011,20.99,11.98,41.01
"2023-06-20 10:41:48.4",363,-0.3371294,1,0.01,20.99,11.98,41.01
"2023-06-20 10:41:48.6",364,-0.3371294,1,0.01,20.99,11.98,41.01
"2023-06-20 10:41:48.8",365,-0.6412382,1,0.011,21.02,11.98,41.01
"2023-06-20 10:41:49",366,-0.3371294,1,0.01,20.99,11.98,41.01
"2023-06-20 10:41:49.2",367,-0.03302026,1,0.011,20.99,11.98,41.01
"2023-06-20 10:41:49.4",368,0.2710886,1,0.011,20.99,11.99,41.01
"2023-06-20 10:41:49.6",369,0.2710886,1,0.01,20.99,11.98,41.01
"2023-06-20 10:41:49.8",370,0.5751977,1,0.011,20.99,11.98,41.01
"2023-06-20 10:41:50",371,-0.3371294,1,0.01,20.99,11.98,41.01
"2023-06-20 10:41:50.2",372,-0.3371294,1,0.01,21.02,11.98,41.01
"2023-06-20 10:41:50.4",373,0.2710898,1,0.011,21.02,11.98,41.01
"2023-06-20 10:41:50.6",374,-0.0330193,1,0.01,20.99,11.98,41.01
"2023-06-20 10:41:50.8",375,0.2710898,1,0.011,21.02,11.98,41.01
"2023-06-20 10:41:51",376,-0.3371294,1,0.01,21.02,11.98,41.01
"2023-06-20 10:41:51.2",377,-0.3371294,1,0.01,21.02,11.98,41.01
"2023-06-20 10:41:51.4",378,-0.03302026,1,0.011,21.02,11.99,41.01
"2023-06-20 10:41:51.6",379,-0.3371294,1,0.01,21.02,11.99,41.01
"2023-06-20 10:41:51.8",380,0.2710898,1,0.011,21.02,11.98,41.01
"2023-06-20 10:41:52",381,-0.3371294,1,0.01,21.02,11.99,41.01
"2023-06-20 10:41:52.2",382,-0.03302026,1,0.01,21.02,11.99,41.01
"2023-06-20 10:41:52.4",383,-0.03302026,1,0.011,21.02,11.98,41.01
"2023-06-20 10:41:52.6",384,-0.3371294,1,0.01,21.02,11.98,40.97
"2023-06-20 10:41:52.8",385,-0.3371294,1,0.01,21.02,11.99,40.97
"2023-06-20 10:41:53",386,-0.3371282,1,0.011,21.02,11.98,41.01
"2023-06-20 10:41:53.2",387,0.2710886,1,0.01,21.02,11.98,40.97
"2023-06-20 10:41:53.4",388,-0.03302026,1,0.011,21.02,11.98,40.97
"2023-06-20 10:41:53.6",389,0.2710886,1,0.011,21.02,11.98,41.01
"2023-06-20 10:41:53.8",390,0.2710886,1,0.01,21.02,11.98,40.97
"2023-06-20 10:41:54",391,-0.03302026,1,0.011,21.02,11.98,40.97
"2023-06-20 10:41:54.2",392,-0.3371294,1,0.01,21.02,11.98,40.97
"2023-06-20 10:41:54.4",393,-0.3371294,1,0.01,21.02,11.98,40.97
"2023-06-20 10:41:54.6",394,0.5751977,1,0.011,21.02,11.98,40.97
"2023-06-20 10:41:54.8",395,-0.3371294,1,0.01,21.02,11.98,40.97
"2023-06-20 10:41:55",396,-0.3371294,1,0.01,21.02,11.99,40.97
"2023-06-20 10:41:55.2",397,0.2710898,1,0.011,21.02,11.99,40.97
"2023-06-20 10:41:55.4",398,0.2710886,1,0.01,21.02,11.99,40.97
"2023-06-20 10:41:55.6",399,0.5751977,1,0.011,21.02,11.98,40.97
"2023-06-20 10:41:55.8",400,0.2710886,1,0.01,21.02,11.98,40.97
"2023-06-20 10:41:56",401,0.2710886,1,0.01,21.02,11.98,40.97
"2023-06-20 10:41:56.2",402,0.2710898,1,0.011,21.02,11.98,40.97
"2023-06-20 10:41:56.4",403,-0.03302026,1,0.01,21.02,11.98,40.97
"2023-06-20 10:41:56.6",404,0.2710886,1,0.01,21.02,11.98,40.97
"2023-06-20 10:41:56.8",405,0.2710898,1,0.011,21.02,11.98,40.97
"2023-06-20 10:41:57",406,-0.3371294,1,0.01,21.02,11.99,40.97
"2023-06-20 10:41:57.2",407,-0.3371282,1,0.011,21.02,11.98,40.97
"2023-06-20 10:41:57.4",408,-0.03302026,1,0.01,21.02,11.98,40.97
"2023-06-20 10:41:57.6",409,0.2710886,1,0.01,21.02,11.98,40.97
"2023-06-20 10:41:57.8",410,-0.3371282,1,0.011,21.02,11.98,40.97
"2023-06-20 10:41:58",411,0.2710886,1,0.01,21.02,11.98,40.97
"2023-06-20 10:41:58.2",412,0.2710898,1,0.011,21.02,11.98,40.97
"2023-06-20 10:41:58.4",413,-0.3371294,1,0.01,21.02,11.98,40.97
"2023-06-20 10:41:58.6",414,-0.03302026,1,0.01,21.02,11.98,40.97
"2023-06-20 10:41:58.8",415,0.5751977,1,0.011,21.02,11.98,40.97
"2023-06-20 10:41:59",416,0.2710886,1,0.01,21.02,11.98,40.94
"2023-06-20 10:41:59.2",417,-0.0330193,1,0.01,21.02,11.98,40.97
"2023-06-20 10:41:59.4",418,-0.03302026,1,0.011,21.02,11.99,40.97
"2023-06-20 10:41:59.6",419,-0.3371294,1,0.01,21.02,11.98,40.97
"2023-06-20 10:41:59.8",420,-0.03302026,1,0.011,21.02,11.98,40.94
"2023-06-20 10:42:00",421,0.2710886,1,0.011,21.02,11.98,40.97
"2023-06-20 10:42:00.2",422,-0.0330193,1,0.01,21.02,11.99,40.94
"2023-06-20 10:42:00.4",423,-0.03302026,1,0.011,21.02,11.98,40.97
"2023-06-20 10:42:00.6",424,0.2710886,1,0.01,21.02,11.98,40.94
"2023-06-20 10:42:00.8",425,0.2710886,1,0.01,21.02,11.98,40.94
"2023-06-20 10:42:01",426,-0.03302026,1,0.011,21.02,11.99,40.97
"2023-06-20 10:42:01.2",427,-0.03302026,1,0.01,21.02,11.98,40.97
"2023-06-20 10:42:01.4",428,-0.3371294,1,0.01,21.02,11.98,40.94
"2023-06-20 10:42:01.6",429,0.5751977,1,0.011,21.04,11.98,40.94
"2023-06-20 10:42:01.8",430,-0.3371294,1,0.01,21.04,11.98,40.94
"2023-06-20 10:42:02",431,0.2710898,1,0.011,21.02,11.98,40.94
"2023-06-20 10:42:02.2",432,0.2710886,1,0.01,21.04,11.98,40.94
"2023-06-20 10:42:02.4",433,-0.0330193,1,0.01,21.04,11.99,40.94
"2023-06-20 10:42:02.6",434,-0.3371282,1,0.011,21.04,11.98,40.94
"2023-06-20 10:42:02.8",435,-0.03302026,1,0.01,21.04,11.98,40.94
"2023-06-20 10:42:03",436,-0.03302026,1,0.011,21.04,11.98,40.94
"2023-06-20 10:42:03.2",437,-0.3371294,1,0.011,21.04,11.98,40.94
"2023-06-20 10:42:03.4",438,-0.3371294,1,0.01,21.04,11.99,40.94
"2023-06-20 10:42:03.6",439,-0.03302026,1,0.011,21.04,11.98,40.94
"2023-06-20 10:42:03.8",440,-0.3371294,1,0.01,21.04,11.99,40.94
"2023-06-20 10:42:04",441,-0.3371294,1,0.01,21.04,11.98,40.94
"2023-06-20 10:42:04.2",442,0.2710898,1,0.011,21.04,11.98,40.94
"2023-06-20 10:42:04.4",443,0.2710886,1,0.01,21.04,11.98,40.94
"2023-06-20 10:42:04.6",444,-0.3371282,1,0.011,21.04,11.98,40.94
"2023-06-20 10:42:04.8",445,-0.3371294,1,0.01,21.04,11.98,40.94
"2023-06-20 10:42:05",446,0.2710886,1,0.01,21.04,11.99,40.94
"2023-06-20 10:42:05.2",447,-0.03302026,1,0.011,21.04,11.98,40.94
"2023-06-20 10:42:05.4",448,-0.0330193,1,0.01,21.04,11.99,40.94
"2023-06-20 10:42:05.6",449,-0.3371282,1,0.011,21.04,11.98,40.94
"2023-06-20 10:42:05.8",450,0.2710886,1,0.01,21.04,11.99,40.94
"2023-06-20 10:42:06",451,0.2710886,1,0.01,21.04,11.98,40.94
"2023-06-20 10:42:06.2",452,-0.03302026,1,0.011,21.04,11.98,40.94
"2023-06-20 10:42:06.4",453,0.2710886,1,0.01,21.04,11.98,40.94
"2023-06-20 10:42:06.6",454,0.2710886,1,0.01,21.04,11.98,40.94
"2023-06-20 10:42:06.8",455,0.2710898,1,0.011,21.04,11.98,40.94
"2023-06-20 10:42:07",456,-0.3371294,1,0.01,21.04,11.99,40.94
"2023-06-20 10:42:07.2",457,-0.3371282,1,0.011,21.04,11.98,40.94
"2023-06-20 10:42:07.4",458,-0.03302026,1,0.011,21.04,11.99,40.94
"2023-06-20 10:42:07.6",459,-0.3371294,1,0.01,21.04,11.98,40.94
"2023-06-20 10:42:07.8",460,0.2710898,1,0.011,21.04,11.98,40.94
"2023-06-20 10:42:08",461,-0.3371294,1,0.01,21.04,11.98,40.94
"2023-06-20 10:42:08.2",462,-0.03302026,1,0.011,21.04,11.98,40.94
"2023-06-20 10:42:08.4",463,-0.0330193,1,0.011,21.04,11.98,40.94
"2023-06-20 10:42:08.6",464,0.2710886,1,0.01,21.04,11.99,40.94
"2023-06-20 10:42:08.8",465,-0.03302026,1,0.011,21.04,11.98,40.94
"2023-06-20 10:42:09",466,-0.3371294,1,0.01,21.04,11.98,40.94
"2023-06-20 10:42:09.2",467,0.2710886,1,0.01,21.04,11.98,40.94
"2023-06-20 10:42:09.4",468,-0.03302026,1,0.011,21.04,11.98,40.94
"2023-06-20 10:42:09.6",469,-0.3371294,1,0.01,21.04,11.98,40.94
"2023-06-20 10:42:09.8",470,-0.3371282,1,0.011,21.04,11.98,40.94
"2023-06-20 10:42:10",471,-0.0330193,1,0.01,21.04,11.98,40.94
"2023-06-20 10:42:10.2",472,-0.3371294,1,0.01,21.04,11.99,40.94
"2023-06-20 10:42:10.4",473,0.2710898,1,0.011,21.04,11.98,40.94
"2023-06-20 10:42:10.6",474,0.2710886,1,0.01,21.04,11.98,40.94
"2023-06-20 10:42:10.8",475,-0.6412382,1,0.011,21.04,11.98,40.94
"2023-06-20 10:42:11",476,-0.03302026,1,0.011,21.04,11.98,40.94
"2023-06-20 10:42:11.2",477,-0.03302026,1,0.01,21.04,11.99,40.94
"2023-06-20 10:42:11.4",478,-0.03302026,1,0.011,21.04,11.98,40.94
"2023-06-20 10:42:11.6",479,-0.3371294,1,0.011,21.04,11.98,40.94
"2023-06-20 10:42:11.8",480,-0.3371294,1,0.01,21.04,11.98,40.94
"2023-06-20 10:42:12",481,-0.3371282,1,0.011,21.04,11.99,40.94
"2023-06-20 10:42:12.2",482,0.2710886,1,0.01,21.04,11.98,40.94
"2023-06-20 10:42:12.4",483,0.2710886,1,0.01,21.04,11.98,40.94
"2023-06-20 10:42:12.6",484,-0.03302026,1,0.011,21.04,11.98,40.94
"2023-06-20 10:42:12.8",485,-0.03302026,1,0.01,21.04,11.98,40.94
"2023-06-20 10:42:13",486,-0.3371294,1,0.01,21.04,11.98,40.94
"2023-06-20 10:42:13.2",487,-0.3371282,1,0.011,21.04,11.98,40.94
"2023-06-20 10:42:13.4",488,-0.3371294,1,0.01,21.04,11.98,40.94
"2023-06-20 10:42:13.6",489,-0.03302026,1,0.011,21.04,11.98,40.94
"2023-06-20 10:42:13.8",490,-0.03302026,1,0.011,21.04,11.98,40.94
"2023-06-20 10:42:14",491,-0.0330193,1,0.01,21.04,11.98,40.94
"2023-06-20 10:42:14.2",492,-0.3371282,1,0.011,21.04,11.98,40.94
"2023-06-20 10:42:14.4",493,-0.3371294,1,0.01,21.04,11.98,40.94
"2023-06-20 10:42:14.6",494,-0.03302026,1,0.011,21.04,11.98,40.94
"2023-06-20 10:42:14.8",495,-0.3371294,1,0.011,21.04,11.98,40.9
"2023-06-20 10:42:15",496,0.2710886,1,0.01,21.04,11.99,40.9
"2023-06-20 10:42:15.2",497,-0.03302026,1,0.011,21.04,11.98,40.9
"2023-06-20 10:42:15.4",498,0.2710886,1,0.011,21.04,11.98,40.94
"2023-06-20 10:42:15.6",499,-0.03302026,1,0.01,21.04,11.99,40.94
"2023-06-20 10:42:15.8",500,-0.03302026,1,0.011,21.04,11.99,40.9
"2023-06-20 10:42:16",501,-0.3371294,1,0.011,21.07,11.98,40.9
"2023-06-20 10:42:16.2",502,-0.3371294,1,0.01,21.04,11.98,40.9
"2023-06-20 10:42:16.4",503,-0.3371282,1,0.011,21.04,11.98,40.9
"2023-06-20 10:42:16.6",504,-0.3371294,1,0.011,21.04,11.98,40.9
"2023-06-20 10:42:16.8",505,-0.3371294,1,0.01,21.07,11.98,40.9
"2023-06-20 10:42:17",506,-0.03302026,1,0.011,21.04,11.98,40.94
"2023-06-20 10:42:17.2",507,-0.3371294,1,0.01,21.04,11.98,40.9
"2023-06-20 10:42:17.4",508,-0.0330193,1,0.009,21.04,11.98,40.9
"2023-06-20 10:42:17.6",509,-0.03302026,1,0.011,21.04,11.98,40.9
"2023-06-20 10:42:17.8",510,-0.3371294,1,0.01,21.07,11.98,40.9
"2023-06-20 10:42:18",511,-0.03302026,1,0.011,21.04,11.98,40.9
"2023-06-20 10:42:18.2",512,-0.03302026,1,0.011,21.07,11.98,40.9
"2023-06-20 10:42:18.4",513,-0.3371294,1,0.01,21.04,11.98,40.94
"2023-06-20 10:42:18.6",514,0.2710898,1,0.011,21.04,11.98,40.9
"2023-06-20 10:42:18.8",515,-0.3371294,1,0.01,21.04,11.98,40.9
"2023-06-20 10:42:19",516,0.2710886,1,0.01,21.07,11.98,40.9
"2023-06-20 10:42:19.2",517,-0.3371282,1,0.011,21.07,11.98,40.9
"2023-06-20 10:42:19.4",518,-0.3371294,1,0.01,21.07,11.98,40.9
"2023-06-20 10:42:19.6",519,-0.03302026,1,0.011,21.04,11.98,40.9
"2023-06-20 10:42:19.8",520,-0.03302026,1,0.011,21.04,11.98,40.9
"2023-06-20 10:42:20",521,-0.3371294,1,0.01,21.07,11.99,40.9
"2023-06-20 10:42:20.2",522,-0.03301167,1,0.011,21.04,11.98,40.9
"2023-06-20 10:42:20.4",523,0.2710962,1,0.011,21.04,11.98,40.9
"2023-06-20 10:42:20.6",524,-0.03301382,1,0.01,21.04,11.98,40.9
"2023-06-20 10:42:20.8",525,-0.3371239,1,0.011,21.04,11.99,40.9
"2023-06-20 10:42:21",526,-0.3371239,1,0.01,21.07,11.98,40.9
"2023-06-20 10:42:21.2",527,0.2710962,1,0.01,21.07,11.98,40.9
"2023-06-20 10:42:21.4",528,0.2710962,1,0.011,21.07,11.98,40.9
"2023-06-20 10:42:21.6",529,-0.3371239,1,0.01,21.07,11.98,40.9
"2023-06-20 10:42:21.8",530,-0.03301382,1,0.011,21.07,11.98,40.9
"2023-06-20 10:42:22",531,0.2710962,1,0.011,21.07,11.98,40.9
"2023-06-20 10:42:22.2",532,-0.3371239,1,0.01,21.07,11.98,40.9
"2023-06-20 10:42:22.4",533,-0.03301167,1,0.011,21.04,11.98,40.9
"2023-06-20 10:42:22.6",534,0.2710962,1,0.01,21.04,11.99,40.9
"2023-06-20 10:42:22.8",535,0.2710962,1,0.01,21.07,11.98,40.9
"2023-06-20 10:42:23",536,-0.03301167,1,0.011,21.07,11.98,40.9
"2023-06-20 10:42:23.2",537,-0.3371239,1,0.01,21.07,11.98,40.9
"2023-06-20 10:42:23.4",538,0.5752063,1,0.011,21.07,11.98,40.9
"2023-06-20 10:42:23.6",539,-0.03301382,1,0.011,21.07,11.98,40.9
"2023-06-20 10:42:23.8",540,-0.03301382,1,0.01,21.07,11.98,40.9
"2023-06-20 10:42:24",541,0.2710962,1,0.01,21.07,11.99,40.9
"2023-06-20 10:42:24.2",542,-0.03301167,1,0.011,21.07,11.98,40.87
"2023-06-20 10:42:24.4",543,-0.3371239,1,0.01,21.07,11.98,40.9
"2023-06-20 10:42:24.6",544,-0.03301167,1,0.011,21.07,11.98,40.9
"2023-06-20 10:42:24.8",545,-0.03301382,1,0.011,21.07,11.98,40.9
"2023-06-20 10:42:25",546,-0.3371239,1,0.01,21.07,11.98,40.87
"2023-06-20 10:42:25.2",547,-0.3371239,1,0.011,21.07,11.98,40.87
"2023-06-20 10:42:25.4",548,-0.03301382,1,0.011,21.07,11.98,40.87
"2023-06-20 10:42:25.6",549,0.2710962,1,0.01,21.07,11.98,40.87
"2023-06-20 10:42:25.8",550,0.2710962,1,0.011,21.07,11.98,40.9
"2023-06-20 10:42:26",551,-0.03301382,1,0.011,21.07,11.98,40.87
"2023-06-20 10:42:26.2",552,-0.3371239,1,0.01,21.07,11.98,40.87
"2023-06-20 10:42:26.4",553,-0.3371217,1,0.011,21.07,11.98,40.87
"2023-06-20 10:42:26.6",554,0.2710962,1,0.011,21.07,11.98,40.87
"2023-06-20 10:42:26.8",555,0.2710962,1,0.01,21.07,11.98,40.87
"2023-06-20 10:42:27",556,0.2710962,1,0.011,21.07,11.98,40.87
"2023-06-20 10:42:27.2",557,-0.3371239,1,0.01,21.07,11.98,40.87
"2023-06-20 10:42:27.4",558,-0.03301382,1,0.011,21.07,11.98,40.9
"2023-06-20 10:42:27.6",559,-0.03301382,1,0.011,21.07,11.99,40.87
"2023-06-20 10:42:27.8",560,-0.3371239,1,0.01,21.07,11.98,40.87
"2023-06-20 10:42:28",561,0.2710962,1,0.011,21.07,11.98,40.87
"2023-06-20 10:42:28.2",562,-0.3371239,1,0.011,21.07,11.98,40.87
"2023-06-20 10:42:28.4",563,-0.03301382,1,0.01,21.07,11.98,40.87
"2023-06-20 10:42:28.6",564,-0.03301167,1,0.011,21.07,11.98,40.87
"2023-06-20 10:42:28.8",565,0.2710962,1,0.011,21.07,11.98,40.87
"2023-06-20 10:42:29",566,-0.03301382,1,0.01,21.07,11.98,40.87
"2023-06-20 10:42:29.2",567,0.2710962,1,0.011,21.07,11.98,40.87
"2023-06-20 10:42:29.4",568,-0.3371239,1,0.01,21.07,11.98,40.87
"2023-06-20 10:42:29.6",569,-0.03301382,1,0.01,21.07,11.98,40.87
"2023-06-20 10:42:29.8",570,0.2710962,1,0.011,21.07,11.98,40.87
"2023-06-20 10:42:30",571,-0.3371239,1,0.01,21.07,11.99,40.87
"2023-06-20 10:42:30.2",572,-0.6412318,1,0.011,21.07,11.99,40.87
"2023-06-20 10:42:30.4",573,-0.3371239,1,0.011,21.07,11.98,40.87
"2023-06-20 10:42:30.6",574,-0.3371239,1,0.01,21.07,11.98,40.87
"2023-06-20 10:42:30.8",575,0.2710962,1,0.011,21.07,11.98,40.87
"2023-06-20 10:42:31",576,0.2710962,1,0.01,21.07,11.98,40.87
"2023-06-20 10:42:31.2",577,-0.3371239,1,0.01,21.07,11.98,40.87
"2023-06-20 10:42:31.4",578,-0.3371239,1,0.011,21.07,11.98,40.87
"2023-06-20 10:42:31.6",579,-0.03301382,1,0.01,21.07,11.98,40.87
"2023-06-20 10:42:31.8",580,0.2710962,1,0.011,21.07,11.98,40.87
"2023-06-20 10:42:32",581,-0.03301382,1,0.011,21.1,11.98,40.87
"2023-06-20 10:42:32.2",582,-0.03301382,1,0.01,21.07,11.98,40.87
"2023-06-20 10:42:32.4",583,0.2710962,1,0.011,21.07,11.99,40.87
"2023-06-20 10:42:32.6",584,0.2710962,1,0.01,21.07,11.98,40.87
"2023-06-20 10:42:32.8",585,-0.3371239,1,0.01,21.1,11.98,40.87
"2023-06-20 10:42:33",586,-0.3371239,1,0.011,21.1,11.98,40.87
"2023-06-20 10:42:33.2",587,-0.03301382,1,0.01,21.1,11.99,40.87
"2023-06-20 10:42:33.4",588,-0.03301382,1,0.01,21.1,11.98,40.87
"2023-06-20 10:42:33.6",589,-0.03301167,1,0.011,21.1,11.98,40.87
"2023-06-20 10:42:33.8",590,-0.03301382,1,0.011,21.1,11.99,40.87
"2023-06-20 10:42:34",591,-0.3371239,1,0.01,21.1,11.98,40.87
"2023-06-20 10:42:34.2",592,0.2710962,1,0.011,21.1,11.98,40.87
"2023-06-20 10:42:34.4",593,-0.3371239,1,0.01,21.1,11.98,40.87
"2023-06-20 10:42:34.6",594,-0.03301382,1,0.011,21.1,11.99,40.87
"2023-06-20 10:42:34.8",595,-0.3371239,1,0.011,21.1,11.98,40.87
"2023-06-20 10:42:35",596,-0.03301382,1,0.01,21.1,11.98,40.87
"2023-06-20 10:42:35.2",597,0.5752063,1,0.011,21.1,11.99,40.87
"2023-06-20 10:42:35.4",598,-0.3371239,1,0.011,21.1,11.98,40.87
"2023-06-20 10:42:35.6",599,-0.03301382,1,0.01,21.1,11.98,40.87
"2023-06-20 10:42:35.8",600,-0.03301382,1,0.011,21.1,11.98,40.87
"2023-06-20 10:42:36",601,-0.03301382,1,0.011,21.1,11.98,40.87
"2023-06-20 10:42:36.2",602,-0.03301382,1,0.01,21.1,11.98,40.87
"2023-06-20 10:42:36.4",603,-0.3371239,1,0.01,21.1,11.98,40.87
"2023-06-20 10:42:36.6",604,0.2710962,1,0.011,21.1,11.98,40.87
"2023-06-20 10:42:36.8",605,-0.03301382,1,0.01,21.1,11.99,40.87
"2023-06-20 10:42:37",606,0.2710962,1,0.011,21.1,11.98,40.87
"2023-06-20 10:42:37.2",607,-0.03301382,1,0.01,21.1,11.98,40.87
"2023-06-20 10:42:37.4",608,-0.03301382,1,0.01,21.1,11.98,40.87
"2023-06-20 10:42:37.6",609,-0.03301167,1,0.011,21.1,11.98,40.87
"2023-06-20 10:42:37.8",610,-0.3371239,1,0.01,21.1,11.99,40.87
"2023-06-20 10:42:38",611,-0.03301382,1,0.01,21.1,11.98,40.87
"2023-06-20 10:42:38.2",612,-0.03301167,1,0.011,21.1,11.98,40.87
"2023-06-20 10:42:38.4",613,-0.03301382,1,0.011,21.1,11.98,40.87
"2023-06-20 10:42:38.6",614,0.2710962,1,0.01,21.1,11.98,40.87
"2023-06-20 10:42:38.8",615,0.2710962,1,0.011,21.1,11.98,40.87
"2023-06-20 10:42:39",616,0.2710962,1,0.01,21.1,11.98,40.87
"2023-06-20 10:42:39.2",617,0.2710962,1,0.011,21.1,11.98,40.87
"2023-06-20 10:42:39.4",618,-0.03301382,1,0.01,21.1,11.98,40.87
"2023-06-20 10:42:39.6",619,-0.03301382,1,0.01,21.1,11.98,40.87
"2023-06-20 10:42:39.8",620,0.2710962,1,0.011,21.1,11.98,40.87
"2023-06-20 10:42:40",621,-0.03301382,1,0.01,21.1,11.99,40.87
"2023-06-20 10:42:40.2",622,0.2710962,1,0.01,21.1,11.99,40.87
"2023-06-20 10:42:40.4",623,-0.03301167,1,0.011,21.1,11.98,40.87
"2023-06-20 10:42:40.6",624,-0.03301382,1,0.01,21.1,11.98,40.87
"2023-06-20 10:42:40.8",625,-0.3371239,1,0.01,21.1,11.98,40.87
"2023-06-20 10:42:41",626,-0.03301167,1,0.011,21.1,11.98,40.87
"2023-06-20 10:42:41.2",627,-0.03301382,1,0.01,21.1,11.99,40.87
"2023-06-20 10:42:41.4",628,-0.3371239,1,0.011,21.1,11.98,40.84
"2023-06-20 10:42:41.6",629,-0.03301382,1,0.01,21.1,11.98,40.87
"2023-06-20 10:42:41.8",630,0.5752063,1,0.011,21.1,11.98,40.87
"2023-06-20 10:42:42",631,0.2710962,1,0.011,21.1,11.98,40.87
"2023-06-20 10:42:42.2",632,-0.3371239,1,0.01,21.1,11.98,40.87
"2023-06-20 10:42:42.4",633,-0.03301382,1,0.011,21.1,11.98,40.87
"2023-06-20 10:42:42.6",634,-0.03301382,1,0.011,21.1,11.99,40.87
"2023-06-20 10:42:42.8",635,-0.3371239,1,0.01,21.1,11.98,40.84
"2023-06-20 10:42:43",636,0.2710962,1,0.011,21.1,11.98,40.84
"2023-06-20 10:42:43.2",637,-0.03301382,1,0.011,21.1,11.98,40.84
"2023-06-20 10:42:43.4",638,-0.03301382,1,0.01,21.1,11.98,40.84
"2023-06-20 10:42:43.6",639,-0.03301382,1,0.011,21.1,11.98,40.84
"2023-06-20 10:42:43.8",640,-0.03301382,1,0.01,21.1,11.98,40.84
"2023-06-20 10:42:44",641,-0.3371239,1,0.01,21.1,11.98,40.84
"2023-06-20 10:42:44.2",642,0.2710984,1,0.011,21.1,11.98,40.84
"2023-06-20 10:42:44.4",643,0.2710962,1,0.01,21.1,11.99,40.84
"2023-06-20 10:42:44.6",644,-0.3371239,1,0.01,21.1,11.98,40.84
"2023-06-20 10:42:44.8",645,-0.03301167,1,0.011,21.1,11.98,40.84
"2023-06-20 10:42:45",646,-0.03301382,1,0.01,21.1,11.98,40.84
"2023-06-20 10:42:45.2",647,0.2710962,1,0.01,21.1,11.98,40.84
"2023-06-20 10:42:45.4",648,-0.03301167,1,0.011,21.1,11.98,40.84
"2023-06-20 10:42:45.6",649,-0.3371239,1,0.01,21.1,11.98,40.84
"2023-06-20 10:42:45.8",650,0.2710962,1,0.011,21.1,11.98,40.84
"2023-06-20 10:42:46",651,-0.3371239,1,0.011,21.1,11.98,40.84
"2023-06-20 10:42:46.2",652,-0.3371239,1,0.01,21.1,11.98,40.84
"2023-06-20 10:42:46.4",653,-0.03301167,1,0.011,21.1,11.98,40.84
"2023-06-20 10:42:46.6",654,-0.3371239,1,0.01,21.1,11.98,40.84
"2023-06-20 10:42:46.8",655,-0.3371239,1,0.01,21.1,11.99,40.84
"2023-06-20 10:42:47",656,-0.03301382,1,0.011,21.1,11.98,40.84
"2023-06-20 10:42:47.2",657,0.2710962,1,0.01,21.1,11.98,40.84
"2023-06-20 10:42:47.4",658,-0.3371239,1,0.011,21.1,11.98,40.84
"2023-06-20 10:42:47.6",659,-0.3371239,1,0.01,21.1,11.98,40.84
"2023-06-20 10:42:47.8",660,-0.3371239,1,0.01,21.1,11.98,40.84
"2023-06-20 10:42:48",661,-0.03301167,1,0.011,21.1,11.98,40.84
"2023-06-20 10:42:48.2",662,-0.3371239,1,0.01,21.1,11.98,40.84
"2023-06-20 10:42:48.4",663,-0.3371239,1,0.01,21.1,11.98,40.84
"2023-06-20 10:42:48.6",664,0.2710962,1,0.011,21.1,11.98,40.84
"2023-06-20 10:42:48.8",665,-0.3371239,1,0.01,21.1,11.98,40.84
"2023-06-20 10:42:49",666,-0.03301382,1,0.011,21.1,11.98,40.8
"2023-06-20 10:42:49.2",667,-0.03301382,1,0.011,21.1,11.99,40.84
"2023-06-20 10:42:49.4",668,0.2710962,1,0.01,21.1,11.99,40.84
"2023-06-20 10:42:49.6",669,0.2710962,1,0.011,21.1,11.98,40.8
"2023-06-20 10:42:49.8",670,-0.03301382,1,0.01,21.1,11.99,40.8
"2023-06-20 10:42:50",671,0.2710962,1,0.01,21.1,11.98,40.8
"2023-06-20 10:42:50.2",672,0.2710962,1,0.011,21.1,11.99,40.8
"2023-06-20 10:42:50.4",673,-0.3371239,1,0.01,21.1,11.98,40.84
"2023-06-20 10:42:50.6",674,-0.6412318,1,0.011,21.1,11.98,40.8
"2023-06-20 10:42:50.8",675,-0.03301382,1,0.011,21.1,11.98,40.8
"2023-06-20 10:42:51",676,-0.3371239,1,0.01,21.1,11.98,40.84
"2023-06-20 10:42:51.2",677,-0.03301167,1,0.011,21.12,11.98,40.8
"2023-06-20 10:42:51.4",678,-0.03301382,1,0.011,21.12,11.98,40.8
"2023-06-20 10:42:51.6",679,-0.3371239,1,0.01,21.1,11.98,40.8
"2023-06-20 10:42:51.8",680,0.2710962,1,0.011,21.12,11.98,40.8
"2023-06-20 10:42:52",681,-0.03301382,1,0.011,21.1,11.98,40.8
"2023-06-20 10:42:52.2",682,-0.03301382,1,0.01,21.1,11.98,40.8
"2023-06-20 10:42:52.4",683,-0.03301167,1,0.011,21.12,11.99,40.8
"2023-06-20 10:42:52.6",684,-0.03301382,1,0.011,21.12,11.98,40.8
"2023-06-20 10:42:52.8",685,-0.3371239,1,0.01,21.1,11.98,40.8
"2023-06-20 10:42:53",686,-0.03301167,1,0.011,21.1,11.98,40.8
"2023-06-20 10:42:53.2",687,-0.03301382,1,0.011,21.12,11.98,40.8
"2023-06-20 10:42:53.4",688,0.2710962,1,0.01,21.12,11.98,40.8
"2023-06-20 10:42:53.6",689,-0.6412318,1,0.011,21.12,11.98,40.8
"2023-06-20 10:42:53.8",690,-0.03301382,1,0.011,21.12,11.98,40.8
"2023-06-20 10:42:54",691,-0.03301382,1,0.01,21.12,11.98,40.8
"2023-06-20 10:42:54.2",692,-0.03301382,1,0.01,21.12,11.98,40.8
"2023-06-20 10:42:54.4",693,-0.03301167,1,0.011,21.12,11.98,40.8
"2023-06-20 10:42:54.6",694,-0.3371239,1,0.01,21.12,11.98,40.8
"2023-06-20 10:42:54.8",695,-0.03301382,1,0.01,21.12,11.98,40.8
"2023-06-20 10:42:55",696,0.5752063,1,0.011,21.12,11.98,40.8
"2023-06-20 10:42:55.2",697,0.2710962,1,0.01,21.12,11.98,40.8
"2023-06-20 10:42:55.4",698,0.2710962,1,0.01,21.12,11.98,40.8
"2023-06-20 10:42:55.6",699,0.2710962,1,0.011,21.12,11.98,40.8
"2023-06-20 10:42:55.8",700,-0.03301382,1,0.01,21.12,11.98,40.8
"2023-06-20 10:42:56",701,-0.03301167,1,0.011,21.12,11.99,40.8
"2023-06-20 10:42:56.2",702,-0.03301382,1,0.011,21.12,11.98,40.8
"2023-06-20 10:42:56.4",703,0.2710962,1,0.01,21.12,11.98,40.8
"2023-06-20 10:42:56.6",704,-0.3371239,1,0.011,21.12,11.98,40.8
"2023-06-20 10:42:56.8",705,0.2710962,1,0.01,21.12,11.98,40.8
"2023-06-20 10:42:57",706,-0.03301382,1,0.01,21.12,11.98,40.8
"2023-06-20 10:42:57.2",707,0.2710962,1,0.011,21.12,11.98,40.8
"2023-06-20 10:42:57.4",708,0.2710962,1,0.01,21.12,11.98,40.8
"2023-06-20 10:42:57.6",709,-0.03301382,1,0.01,21.12,11.98,40.8
"2023-06-20 10:42:57.8",710,-0.03301167,1,0.011,21.12,11.98,40.8
"2023-06-20 10:42:58",711,0.2710962,1,0.01,21.12,11.99,40.8
"2023-06-20 10:42:58.2",712,-0.03301382,1,0.01,21.12,11.99,40.8
"2023-06-20 10:42:58.4",713,0.2710962,1,0.011,21.12,11.98,40.8
"2023-06-20 10:42:58.6",714,-0.03301382,1,0.01,21.12,11.98,40.8
"2023-06-20 10:42:58.8",715,-0.03301382,1,0.01,21.12,11.98,40.8
"2023-06-20 10:42:59",716,0.2710962,1,0.011,21.12,11.99,40.8
"2023-06-20 10:42:59.2",717,-0.03301382,1,0.01,21.12,11.99,40.8
"2023-06-20 10:42:59.4",718,-0.03301382,1,0.01,21.12,11.99,40.8
"2023-06-20 10:42:59.6",719,-0.3371239,1,0.011,21.12,11.98,40.8
"2023-06-20 10:42:59.8",720,-0.03301382,1,0.01,21.12,11.98,40.8
"2023-06-20 10:43:00",721,-0.3371239,1,0.01,21.12,11.98,40.8
"2023-06-20 10:42:58.8",722,-0.3371239,1,0.011,21.12,11.98,40.8
"2023-06-20 10:42:59",723,-0.3371239,1,0.01,21.12,11.98,40.8
"2023-06-20 10:42:59.2",724,-0.03301382,1,0.011,21.12,11.98,40.8
"2023-06-20 10:42:59.4",725,-0.3371239,1,0.011,21.12,11.98,40.8
"2023-06-20 10:42:59.6",726,-0.3371239,1,0.01,21.12,11.98,40.8
"2023-06-20 10:42:59.8",727,0.2710984,1,0.011,21.12,11.98,40.8
"2023-06-20 10:43:00",728,-0.3371239,1,0.011,21.12,11.98,40.8
"2023-06-20 10:43:00.2",729,-0.3371239,1,0.01,21.12,11.98,40.8
"2023-06-20 10:43:00.4",730,-0.6412318,1,0.011,21.12,11.98,40.8
"2023-06-20 10:43:00.6",731,-0.3371239,1,0.01,21.12,11.98,40.8
"2023-06-20 10:43:00.8",732,-0.03301382,1,0.01,21.12,11.99,40.8
"2023-06-20 10:43:01",733,0.5752063,1,0.011,21.12,11.98,40.8
"2023-06-20 10:43:01.2",734,-0.03301382,1,0.011,21.12,11.98,40.8
"2023-06-20 10:43:01.4",735,0.2710962,1,0.01,21.12,11.99,40.8
"2023-06-20 10:43:01.6",736,-0.03301382,1,0.011,21.12,11.98,40.8
"2023-06-20 10:43:01.8",737,0.2710962,1,0.01,21.12,11.98,40.8
"2023-06-20 10:43:02",738,-0.03301382,1,0.009,21.12,11.98,40.8
"2023-06-20 10:43:02.2",739,0.2710962,1,0.011,21.12,11.98,40.8
"2023-06-20 10:43:02.4",740,0.2710962,1,0.01,21.12,11.98,40.8
"2023-06-20 10:43:02.6",741,0.2710962,1,0.011,21.12,11.98,40.8
"2023-06-20 10:43:02.8",742,-0.03301382,1,0.01,21.12,11.98,40.8
"2023-06-20 10:43:03",743,0.2710962,1,0.01,21.12,11.98,40.8
"2023-06-20 10:43:03.2",744,-0.6412318,1,0.011,21.12,11.98,40.77
"2023-06-20 10:43:03.4",745,-0.03301382,1,0.01,21.12,11.98,40.77
"2023-06-20 10:43:03.6",746,-0.3371239,1,0.01,21.12,11.98,40.77
"2023-06-20 10:43:03.8",747,-0.03301167,1,0.011,21.12,11.98,40.8
"2023-06-20 10:43:04",748,-0.03301382,1,0.01,21.12,11.98,40.8
"2023-06-20 10:43:04.2",749,-0.03301382,1,0.009,21.12,11.98,40.77
"2023-06-20 10:43:04.4",750,-0.3371239,1,0.011,21.12,11.98,40.8
"2023-06-20 10:43:04.6",751,-0.03301382,1,0.01,21.12,11.98,40.8
"2023-06-20 10:43:04.8",752,0.2710962,1,0.011,21.12,11.98,40.8
"2023-06-20 10:43:05",753,-0.03301382,1,0.011,21.15,11.98,40.77
"2023-06-20 10:43:05.2",754,-0.03301382,1,0.01,21.12,11.98,40.8
"2023-06-20 10:43:05.4",755,0.2710962,1,0.011,21.15,11.98,40.77
"2023-06-20 10:43:05.6",756,-0.3371239,1,0.01,21.15,11.98,40.77
"2023-06-20 10:43:05.8",757,0.2710962,1,0.011,21.15,11.98,40.77
"2023-06-20 10:43:06",758,0.2710962,1,0.01,21.12,11.98,40.77
"2023-06-20 10:43:06.2",759,0.2710962,1,0.01,21.15,11.98,40.77
"2023-06-20 10:43:06.4",760,0.2710962,1,0.011,21.15,11.98,40.77
"2023-06-20 10:43:06.6",761,-0.03301382,1,0.01,21.15,11.98,40.77
"2023-06-20 10:43:06.8",762,-0.6412318,1,0.011,21.15,11.98,40.77
"2023-06-20 10:43:07",763,-0.03301382,1,0.011,21.15,11.98,40.77
"2023-06-20 10:43:07.2",764,-0.03301382,1,0.01,21.15,11.99,40.77
"2023-06-20 10:43:07.4",765,-0.03301382,1,0.01,21.15,11.98,40.77
"2023-06-20 10:43:07.6",766,-0.03301382,1,0.011,21.15,11.98,40.77
"2023-06-20 10:43:07.8",767,0.2710962,1,0.01,21.15,11.98,40.77
"2023-06-20 10:43:08",768,-0.03301382,1,0.01,21.15,11.98,40.77
"2023-06-20 10:43:08.2",769,-0.03300738,1,0.011,21.15,11.98,40.77
"2023-06-20 10:43:08.4",770,-0.03300738,1,0.011,21.15,11.98,40.8
"2023-06-20 10:43:08.6",771,-0.03300738,1,0.01,21.15,11.98,40.77
"2023-06-20 10:43:08.8",772,-0.03300738,1,0.011,21.15,11.98,40.77
"2023-06-20 10:43:09",773,-0.3371186,1,0.011,21.15,11.98,40.77
"2023-06-20 10:43:09.2",774,-0.3371186,1,0.01,21.15,11.98,40.77
"2023-06-20 10:43:09.4",775,0.2711027,1,0.011,21.15,11.98,40.77
"2023-06-20 10:43:09.6",776,-0.3371186,1,0.01,21.15,11.98,40.77
"2023-06-20 10:43:09.8",777,-0.03300738,1,0.011,21.15,11.99,40.77
"2023-06-20 10:43:10",778,-0.03300738,1,0.011,21.15,11.98,40.77
"2023-06-20 10:43:10.2",779,-0.03300738,1,0.01,21.15,11.99,40.77
"2023-06-20 10:43:10.4",780,0.2711027,1,0.01,21.15,11.99,40.77
"2023-06-20 10:43:10.6",781,-0.03300738,1,0.011,21.15,11.98,40.77
"2023-06-20 10:43:10.8",782,-0.03300738,1,0.01,21.15,11.98,40.77
"2023-06-20 10:43:11",783,0.2711027,1,0.011,21.15,11.98,40.77
"2023-06-20 10:43:11.2",784,-0.3371186,1,0.01,21.15,11.99,40.77
"2023-06-20 10:43:11.4",785,-0.03300738,1,0.01,21.15,11.98,40.77
"2023-06-20 10:43:11.6",786,-0.03300738,1,0.011,21.15,11.98,40.77
"2023-06-20 10:43:11.8",787,-0.3371186,1,0.01,21.15,11.98,40.77
"2023-06-20 10:43:12",788,-0.03300738,1,0.01,21.15,11.98,40.77
"2023-06-20 10:43:12.2",789,0.2711027,1,0.011,21.15,11.98,40.77
"2023-06-20 10:43:12.4",790,-0.03300738,1,0.01,21.15,11.98,40.77
"2023-06-20 10:43:12.6",791,-0.3371186,1,0.01,21.15,11.98,40.77
"2023-06-20 10:43:12.8",792,-0.3371174,1,0.011,21.15,11.98,40.77
"2023-06-20 10:43:13",793,-0.3371186,1,0.01,21.15,11.98,40.77
"2023-06-20 10:43:13.2",794,-0.03300738,1,0.01,21.15,11.98,40.77
"2023-06-20 10:43:13.4",795,-0.3371196,1,0.011,21.15,11.98,40.74
"2023-06-20 10:43:13.6",796,-0.3371186,1,0.01,21.15,11.98,40.77
"2023-06-20 10:43:13.8",797,-0.03300738,1,0.011,21.15,11.98,40.77
"2023-06-20 10:43:14",798,-0.3371186,1,0.011,21.15,11.98,40.77
"2023-06-20 10:43:14.2",799,-0.3371186,1,0.01,21.15,11.98,40.77
"2023-06-20 10:43:14.4",800,-0.03300738,1,0.011,21.15,11.98,40.74
"2023-06-20 10:43:14.6",801,-0.3371186,1,0.011,21.15,11.98,40.77
"2023-06-20 10:43:14.8",802,-0.03300738,1,0.01,21.15,11.99,40.77
"2023-06-20 10:43:15",803,-0.03300738,1,0.011,21.15,11.98,40.74
"2023-06-20 10:43:15.2",804,0.2711027,1,0.011,21.15,11.98,40.77
"2023-06-20 10:43:15.4",805,0.2711027,1,0.01,21.15,11.98,40.77
"2023-06-20 10:43:15.6",806,0.2711027,1,0.011,21.15,11.98,40.74
"2023-06-20 10:43:15.8",807,-0.03300738,1,0.01,21.15,11.98,40.74
"2023-06-20 10:43:16",808,0.2711027,1,0.01,21.15,11.98,40.74
"2023-06-20 10:43:16.2",809,-0.03300738,1,0.011,21.15,11.98,40.77
"2023-06-20 10:43:16.4",810,-0.03300738,1,0.01,21.15,11.98,40.74
"2023-06-20 10:43:16.6",811,-0.03300738,1,0.01,21.15,11.98,40.74
"2023-06-20 10:43:16.8",812,-0.03300738,1,0.011,21.15,11.98,40.74
"2023-06-20 10:43:17",813,-0.3371186,1,0.01,21.15,11.98,40.74
"2023-06-20 10:43:17.2",814,-0.3371186,1,0.01,21.15,11.98,40.74
"2023-06-20 10:43:17.4",815,0.5752149,1,0.011,21.15,11.98,40.74
"2023-06-20 10:43:17.6",816,-0.3371186,1,0.01,21.15,11.98,40.74
"2023-06-20 10:43:17.8",817,-0.03300738,1,0.011,21.15,11.98,40.74
"2023-06-20 10:43:18",818,0.2711027,1,0.011,21.15,11.98,40.74
"2023-06-20 10:43:18.2",819,-0.3371186,1,0.01,21.15,11.98,40.74
"2023-06-20 10:43:18.4",820,-0.3371174,1,0.011,21.15,11.98,40.74
"2023-06-20 10:43:18.6",821,-0.3371186,1,0.011,21.15,11.98,40.74
"2023-06-20 10:43:18.8",822,-0.03300738,1,0.01,21.15,11.99,40.74
"2023-06-20 10:43:19",823,-0.03300738,1,0.011,21.15,11.98,40.74
"2023-06-20 10:43:19.2",824,-0.3371186,1,0.011,21.15,11.98,40.74
"2023-06-20 10:43:19.4",825,-0.3371186,1,0.01,21.15,11.98,40.74
"2023-06-20 10:43:19.6",826,0.5752149,1,0.011,21.15,11.98,40.74
"2023-06-20 10:43:19.8",827,-0.3371186,1,0.011,21.15,11.98,40.74
"2023-06-20 10:43:20",828,0.2711036,1,0.01,21.15,11.99,40.74
"2023-06-20 10:43:20.2",829,0.2711048,1,0.011,21.15,11.98,40.74
"2023-06-20 10:43:20.4",830,-0.3371186,1,0.011,21.15,11.98,40.74
"2023-06-20 10:43:20.6",831,0.2711027,1,0.01,21.15,11.98,40.74
"2023-06-20 10:43:20.8",832,-0.03300738,1,0.011,21.15,11.98,40.74
"2023-06-20 10:43:21",833,-0.3371186,1,0.01,21.15,11.98,40.74
"2023-06-20 10:43:21.2",834,-0.3371186,1,0.01,21.15,11.99,40.74
"2023-06-20 10:43:21.4",835,-0.3371196,1,0.011,21.15,11.98,40.74
"2023-06-20 10:43:21.6",836,-0.03300738,1,0.01,21.15,11.98,40.74
"2023-06-20 10:43:21.8",837,0.2711027,1,0.011,21.15,11.98,40.74
"2023-06-20 10:43:22",838,0.2711027,1,0.011,21.15,11.98,40.74
"2023-06-20 10:43:22.2",839,0.2711027,1,0.01,21.15,11.98,40.74
"2023-06-20 10:43:22.4",840,0.5752149,1,0.011,21.15,11.98,40.74
"2023-06-20 10:43:22.6",841,0.2711027,1,0.01,21.15,11.98,40.74
"2023-06-20 10:43:22.8",842,-0.3371186,1,0.01,21.15,11.99,40.74
"2023-06-20 10:43:23",843,-0.03300738,1,0.011,21.15,11.98,40.74
"2023-06-20 10:43:23.2",844,-0.03300738,1,0.01,21.15,11.98,40.74
"2023-06-20 10:43:23.4",845,-0.03300738,1,0.01,21.15,11.98,40.74
"2023-06-20 10:43:23.6",846,-0.3371196,1,0.011,21.15,11.98,40.74
"2023-06-20 10:43:23.8",847,-0.03300738,1,0.01,21.15,11.98,40.74
"2023-06-20 10:43:24",848,-0.3371186,1,0.01,21.18,11.98,40.74
"2023-06-20 10:43:24.2",849,-0.3371196,1,0.011,21.15,11.98,40.74
"2023-06-20 10:43:24.4",850,-0.03300738,1,0.01,21.18,11.98,40.74
"2023-06-20 10:43:24.6",851,0.2711027,1,0.011,21.15,11.98,40.74
"2023-06-20 10:43:24.8",852,-0.3371186,1,0.011,21.15,11.98,40.74
"2023-06-20 10:43:25",853,-0.03300738,1,0.01,21.18,11.98,40.74
"2023-06-20 10:43:25.2",854,-0.03300738,1,0.011,21.15,11.98,40.74
"2023-06-20 10:43:25.4",855,0.2711027,1,0.011,21.15,11.98,40.74
"2023-06-20 10:43:25.6",856,-0.03300738,1,0.01,21.15,11.98,40.74
"2023-06-20 10:43:25.8",857,0.2711027,1,0.011,21.18,11.98,40.74
"2023-06-20 10:43:26",858,0.2711027,1,0.01,21.15,11.98,40.74
"2023-06-20 10:43:26.2",859,-0.03300738,1,0.009,21.15,11.98,40.74
"2023-06-20 10:43:26.4",860,-0.03300738,1,0.011,21.15,11.98,40.74
"2023-06-20 10:43:26.6",861,-0.03300738,1,0.01,21.15,11.98,40.74
"2023-06-20 10:43:26.8",862,0.5752149,1,0.011,21.15,11.98,40.74
"2023-06-20 10:43:27",863,-0.03300738,1,0.011,21.15,11.98,40.74
"2023-06-20 10:43:27.2",864,-0.3371186,1,0.01,21.15,11.98,40.74
"2023-06-20 10:43:27.4",865,-0.3371196,1,0.011,21.15,11.98,40.74
"2023-06-20 10:43:27.6",866,0.2711027,1,0.011,21.18,11.98,40.74
"2023-06-20 10:43:27.8",867,0.2711027,1,0.01,21.15,11.98,40.74
"2023-06-20 10:43:28",868,-0.03300738,1,0.011,21.15,11.98,40.74
"2023-06-20 10:43:28.2",869,-0.3371186,1,0.01,21.15,11.98,40.74
"2023-06-20 10:43:28.4",870,-0.3371186,1,0.01,21.15,11.99,40.74
"2023-06-20 10:43:28.6",871,-0.03300738,1,0.011,21.15,11.98,40.74
"2023-06-20 10:43:28.8",872,-0.03300738,1,0.01,21.18,11.98,40.74
"2023-06-20 10:43:29",873,-0.03300738,1,0.01,21.15,11.98,40.74
"2023-06-20 10:43:29.2",874,-0.03300738,1,0.011,21.18,11.98,40.74
"2023-06-20 10:43:29.4",875,0.2711027,1,0.01,21.15,11.98,40.74
"2023-06-20 10:43:29.6",876,-0.03300738,1,0.009,21.15,11.98,40.74
"2023-06-20 10:43:29.8",877,-0.03300738,1,0.011,21.18,11.98,40.74
"2023-06-20 10:43:30",878,0.2711027,1,0.01,21.18,11.98,40.74
"2023-06-20 10:43:30.2",879,-0.03300738,1,0.011,21.18,11.98,40.74
"2023-06-20 10:43:30.4",880,0.2711027,1,0.011,21.18,11.98,40.74
"2023-06-20 10:43:30.6",881,0.2711027,1,0.01,21.18,11.98,40.74
"2023-06-20 10:43:30.8",882,0.2711027,1,0.011,21.18,11.98,40.74
"2023-06-20 10:43:31",883,-0.03300738,1,0.01,21.18,11.98,40.74
"2023-06-20 10:43:31.2",884,-0.03300738,1,0.01,21.18,11.98,40.7
"2023-06-20 10:43:31.4",885,0.5752149,1,0.011,21.18,11.98,40.74
"2023-06-20 10:43:31.6",886,-0.03300738,1,0.011,21.15,11.98,40.74
"2023-06-20 10:43:31.8",887,-0.3371186,1,0.01,21.18,11.98,40.7
"2023-06-20 10:43:32",888,0.2711048,1,0.011,21.18,11.99,40.74
"2023-06-20 10:43:32.2",889,-0.3371186,1,0.011,21.18,11.98,40.74
"2023-06-20 10:43:32.4",890,-0.3371186,1,0.01,21.18,11.99,40.74
"2023-06-20 10:43:32.6",891,-0.03300738,1,0.011,21.18,11.98,40.74
"2023-06-20 10:43:32.8",892,-0.03300738,1,0.011,21.18,11.98,40.7
"2023-06-20 10:43:33",893,-0.3371186,1,0.01,21.18,11.99,40.7
"2023-06-20 10:43:33.2",894,-0.03300738,1,0.011,21.18,11.98,40.7
"2023-06-20 10:43:33.4",895,-0.03300738,1,0.011,21.18,11.98,40.7
"2023-06-20 10:43:33.6",896,-0.03300738,1,0.01,21.18,11.98,40.7
"2023-06-20 10:43:33.8",897,-0.3371196,1,0.011,21.18,11.98,40.7
"2023-06-20 10:43:34",898,-0.03300738,1,0.011,21.18,11.98,40.7
"2023-06-20 10:43:34.2",899,0.2711027,1,0.01,21.18,11.98,40.74
"2023-06-20 10:43:34.4",900,-0.03300738,1,0.011,21.18,11.98,40.7
"2023-06-20 10:43:34.6",901,0.2711027,1,0.01,21.18,11.98,40.74
"2023-06-20 10:43:34.8",902,-0.3371186,1,0.01,21.18,11.98,40.7
"2023-06-20 10:43:35",903,-0.03300738,1,0.011,21.18,11.98,40.7
"2023-06-20 10:43:35.2",904,-0.03300738,1,0.01,21.18,11.98,40.7
"2023-06-20 10:43:35.4",905,-0.3371186,1,0.01,21.18,11.98,40.74
"2023-06-20 10:43:35.6",906,-0.03300738,1,0.011,21.18,11.98,40.7
"2023-06-20 10:43:35.8",907,-0.3371186,1,0.01,21.18,11.98,40.7
"2023-06-20 10:43:36",908,-0.03300738,1,0.011,21.18,11.98,40.7
"2023-06-20 10:43:36.2",909,-0.03300738,1,0.011,21.18,11.99,40.7
"2023-06-20 10:43:36.4",910,-0.3371186,1,0.01,21.18,11.98,40.7
"2023-06-20 10:43:36.6",911,-0.03300738,1,0.011,21.18,11.98,40.7
"2023-06-20 10:43:36.8",912,-0.03300738,1,0.011,21.18,11.98,40.7
"2023-06-20 10:43:37",913,-0.03300738,1,0.01,21.18,11.98,40.7
"2023-06-20 10:43:37.2",914,-0.03300738,1,0.01,21.18,11.98,40.7
"2023-06-20 10:43:37.4",915,-0.3371196,1,0.011,21.18,11.98,40.7
"2023-06-20 10:43:37.6",916,-0.3371186,1,0.01,21.18,11.98,40.7
"2023-06-20 10:43:37.8",917,0.2711027,1,0.011,21.18,11.98,40.7
"2023-06-20 10:43:38",918,-0.3371186,1,0.011,21.18,11.98,40.7
"2023-06-20 10:43:38.2",919,-0.3371186,1,0.01,21.18,11.98,40.7
"2023-06-20 10:43:38.4",920,-0.3371196,1,0.011,21.18,11.98,40.7
"2023-06-20 10:43:38.6",921,0.2711027,1,0.01,21.18,11.98,40.7
"2023-06-20 10:43:38.8",922,0.2711027,1,0.011,21.18,11.98,40.7
"2023-06-20 10:43:39",923,-0.3371186,1,0.011,21.18,11.98,40.7
"2023-06-20 10:43:39.2",924,-0.3371186,1,0.01,21.18,11.98,40.7
"2023-06-20 10:43:39.4",925,0.5752149,1,0.011,21.18,11.98,40.7
"2023-06-20 10:43:39.6",926,-0.03300738,1,0.011,21.18,11.98,40.7
"2023-06-20 10:43:39.8",927,0.2711027,1,0.01,21.18,11.98,40.7
"2023-06-20 10:43:40",928,-0.03300738,1,0.011,21.18,11.98,40.7
"2023-06-20 10:43:40.2",929,-0.03300738,1,0.011,21.18,11.98,40.7
"2023-06-20 10:43:40.4",930,-0.3371186,1,0.01,21.18,11.98,40.7
"2023-06-20 10:43:40.6",931,-0.3371196,1,0.011,21.18,11.98,40.7
"2023-06-20 10:43:40.8",932,-0.03300738,1,0.01,21.18,11.98,40.7
"2023-06-20 10:43:41",933,-0.03300738,1,0.009,21.18,11.98,40.7
"2023-06-20 10:43:41.2",934,-0.03300738,1,0.011,21.18,11.98,40.7
"2023-06-20 10:43:41.4",935,-0.03300738,1,0.01,21.18,11.98,40.7
"2023-06-20 10:43:41.6",936,-0.6412296,1,0.011,21.18,11.98,40.7
"2023-06-20 10:43:41.8",937,0.2711027,1,0.011,21.18,11.98,40.67
"2023-06-20 10:43:42",938,-0.03300738,1,0.01,21.18,11.98,40.7
"2023-06-20 10:43:42.2",939,-0.6412296,1,0.011,21.18,11.98,40.67
"2023-06-20 10:43:42.4",940,-0.03300738,1,0.011,21.18,11.98,40.7
"2023-06-20 10:43:42.6",941,-0.3371186,1,0.01,21.18,11.98,40.7
"2023-06-20 10:43:42.8",942,0.5752149,1,0.011,21.21,11.99,40.7
"2023-06-20 10:43:43",943,-0.3371186,1,0.011,21.18,11.98,40.67
"2023-06-20 10:43:43.2",944,-0.03300738,1,0.01,21.21,11.98,40.67
"2023-06-20 10:43:43.4",945,-0.03300738,1,0.011,21.21,11.98,40.67
"2023-06-20 10:43:43.6",946,-0.03300738,1,0.011,21.21,11.98,40.67
"2023-06-20 10:43:43.8",947,-0.3371186,1,0.01,21.18,11.98,40.67
"2023-06-20 10:43:44",948,0.2711048,1,0.012,21.21,11.99,40.67
"2023-06-20 10:43:44.2",949,-0.03300738,1,0.011,21.21,11.98,40.67
"2023-06-20 10:43:44.4",950,-0.03300738,1,0.011,21.21,11.98,40.67
"2023-06-20 10:43:44.6",951,-0.03300738,1,0.01,21.21,11.98,40.67
"2023-06-20 10:43:44.8",952,-0.03300738,1,0.011,21.21,11.98,40.67
"2023-06-20 10:43:45",953,0.2711036,1,0.01,21.21,11.98,40.67
"2023-06-20 10:43:45.2",954,0.5752149,1,0.011,21.21,11.98,40.67
"2023-06-20 10:43:45.4",955,-0.03300738,1,0.011,21.18,11.98,40.67
"2023-06-20 10:43:45.6",956,-0.03300738,1,0.01,21.21,11.98,40.67
"2023-06-20 10:43:45.8",957,-0.03300738,1,0.01,21.21,11.98,40.67
"2023-06-20 10:43:46",958,0.5752149,1,0.011,21.21,11.99,40.67
"2023-06-20 10:43:46.2",959,-0.3371186,1,0.01,21.21,11.98,40.67
"2023-06-20 10:43:46.4",960,-0.6412275,1,0.01,21.21,11.98,40.67
"2023-06-20 10:43:46.6",961,-0.3371174,1,0.011,21.21,11.99,40.67
"2023-06-20 10:43:46.8",962,-0.3371186,1,0.011,21.21,11.99,40.67
"2023-06-20 10:43:47",963,-0.3371186,1,0.01,21.21,11.98,40.67
"2023-06-20 10:43:47.2",964,-0.03300738,1,0.011,21.21,11.98,40.67
"2023-06-20 10:43:47.4",965,0.2711027,1,0.01,21.21,11.98,40.67
"2023-06-20 10:43:47.6",966,-0.03300738,1,0.01,21.21,11.98,40.67
"2023-06-20 10:43:47.8",967,-0.03300738,1,0.011,21.21,11.98,40.67
"2023-06-20 10:43:48",968,-0.03300738,1,0.011,21.21,11.99,40.67
"2023-06-20 10:43:48.2",969,-0.03300738,1,0.01,21.21,11.98,40.67
"2023-06-20 10:43:48.4",970,-0.3371196,1,0.011,21.21,11.98,40.67
"2023-06-20 10:43:48.6",971,-0.3371186,1,0.01,21.21,11.98,40.67
"2023-06-20 10:43:48.8",972,-0.03300738,1,0.01,21.21,11.98,40.67
"2023-06-20 10:43:49",973,-0.03300738,1,0.011,21.21,11.98,40.67
"2023-06-20 10:43:49.2",974,-0.03300738,1,0.011,21.21,11.98,40.67
"2023-06-20 10:43:49.4",975,-0.03300738,1,0.01,21.21,11.98,40.67
"2023-06-20 10:43:49.6",976,-0.03300738,1,0.011,21.21,11.98,40.67
"2023-06-20 10:43:49.8",977,0.2711027,1,0.011,21.21,11.98,40.67
"2023-06-20 10:43:50",978,0.2711027,1,0.01,21.21,11.98,40.67
"2023-06-20 10:43:50.2",979,0.2711027,1,0.011,21.21,11.98,40.67
"2023-06-20 10:43:50.4",980,-0.3371186,1,0.01,21.21,11.98,40.67
"2023-06-20 10:43:50.6",981,0.5752149,1,0.011,21.21,11.98,40.67
"2023-06-20 10:43:50.8",982,-0.03300738,1,0.011,21.21,11.99,40.67
"2023-06-20 10:43:51",983,-0.03300738,1,0.01,21.21,11.98,40.67
"2023-06-20 10:43:51.2",984,0.2711036,1,0.01,21.21,11.98,40.67
"2023-06-20 10:43:51.4",985,-0.03300738,1,0.011,21.21,11.98,40.67
"2023-06-20 10:43:51.6",986,-0.03300738,1,0.01,21.21,11.98,40.67
"2023-06-20 10:43:51.8",987,-0.3371186,1,0.01,21.21,11.98,40.67
"2023-06-20 10:43:52",988,-0.03300738,1,0.011,21.21,11.98,40.67
"2023-06-20 10:43:52.2",989,-0.3371186,1,0.01,21.21,11.98,40.67
"2023-06-20 10:43:52.4",990,0.2711027,1,0.011,21.21,11.98,40.67
"2023-06-20 10:43:52.6",991,-0.03300738,1,0.011,21.21,11.98,40.67
"2023-06-20 10:43:52.8",992,0.2711027,1,0.01,21.21,11.99,40.67
"2023-06-20 10:43:53",993,-0.03300738,1,0.011,21.21,11.98,40.67
"2023-06-20 10:43:53.2",994,-0.03300738,1,0.011,21.21,11.98,40.67
"2023-06-20 10:43:53.4",995,-0.03300738,1,0.01,21.21,11.98,40.67
"2023-06-20 10:43:53.6",996,-0.3371196,1,0.011,21.21,11.98,40.67
"2023-06-20 10:43:53.8",997,-0.03300738,1,0.011,21.21,11.99,40.67
"2023-06-20 10:43:54",998,-0.3371186,1,0.01,21.21,11.98,40.67
"2023-06-20 10:43:54.2",999,0.2711027,1,0.011,21.21,11.98,40.67
"2023-06-20 10:43:54.4",1000,0.2711027,1,0.01,21.21,11.98,40.67
"2023-06-20 10:43:54.6",1001,0.2711027,1,0.01,21.21,11.98,40.67
"2023-06-20 10:43:54.8",1002,0.5752149,1,0.011,21.21,11.98,40.67
"2023-06-20 10:43:55",1003,-0.3371186,1,0.01,21.21,11.98,40.67
"2023-06-20 10:43:55.2",1004,0.2711027,1,0.011,21.21,11.98,40.67
"2023-06-20 10:43:55.4",1005,-0.03300738,1,0.011,21.21,11.98,40.67
"2023-06-20 10:43:55.6",1006,-0.3371186,1,0.01,21.21,11.98,40.67
"2023-06-20 10:43:55.8",1007,0.2711027,1,0.011,21.21,11.98,40.67
"2023-06-20 10:43:56",1008,-0.3371186,1,0.01,21.21,11.98,40.67
"2023-06-20 10:43:56.2",1009,-0.3371186,1,0.01,21.21,11.98,40.67
"2023-06-20 10:43:56.4",1010,-0.03300738,1,0.011,21.21,11.98,40.67
"2023-06-20 10:43:56.6",1011,-0.03300738,1,0.01,21.21,11.98,40.67
"2023-06-20 10:43:56.8",1012,-0.03300738,1,0.01,21.21,11.98,40.67
"2023-06-20 10:43:57",1013,-0.03300738,1,0.011,21.21,11.98,40.67
"2023-06-20 10:43:57.2",1014,-0.3371186,1,0.01,21.21,11.99,40.67
"2023-06-20 10:43:57.4",1015,-0.3371186,1,0.01,21.21,11.98,40.67
"2023-06-20 10:43:57.6",1016,0.5752149,1,0.011,21.21,11.98,40.67
"2023-06-20 10:43:57.8",1017,-0.03300738,1,0.01,21.21,11.99,40.67
"2023-06-20 10:43:58",1018,-0.3371186,1,0.01,21.21,11.99,40.67
"2023-06-20 10:43:58.2",1019,-0.03300738,1,0.011,21.21,11.98,40.67
"2023-06-20 10:43:58.4",1020,-0.3371186,1,0.01,21.21,11.98,40.67
"2023-06-20 10:43:58.6",1021,-0.03300738,1,0.011,21.21,11.98,40.67
"2023-06-20 10:43:58.8",1022,-0.3371186,1,0.011,21.21,11.98,40.63
"2023-06-20 10:43:59",1023,-0.3371186,1,0.01,21.21,11.98,40.63
"2023-06-20 10:43:59.2",1024,-0.03300738,1,0.011,21.21,11.98,40.67
"2023-06-20 10:43:59.4",1025,-0.03300738,1,0.011,21.21,11.99,40.67
"2023-06-20 10:43:59.6",1026,-0.3371186,1,0.01,21.21,11.98,40.63
"2023-06-20 10:43:59.8",1027,-0.03300738,1,0.011,21.21,11.98,40.67
"2023-06-20 10:44:00",1028,-0.03300738,1,0.011,21.21,11.98,40.63
"2023-06-20 10:44:00.2",1029,-0.03300095,1,0.01,21.21,11.98,40.67
"2023-06-20 10:44:00.4",1030,-0.03300095,1,0.011,21.21,11.98,40.67
"2023-06-20 10:44:00.6",1031,-0.3371122,1,0.011,21.21,11.99,40.63
"2023-06-20 10:44:00.8",1032,-0.03300095,1,0.01,21.21,11.98,40.63
"2023-06-20 10:44:01",1033,-0.03300309,1,0.011,21.21,11.98,40.67
"2023-06-20 10:44:01.2",1034,-0.3371122,1,0.011,21.21,11.98,40.67
"2023-06-20 10:44:01.4",1035,0.2711091,1,0.01,21.21,11.98,40.63
"2023-06-20 10:44:01.6",1036,0.2711091,1,0.011,21.21,11.98,40.67
"2023-06-20 10:44:01.8",1037,-0.03300095,1,0.011,21.21,11.99,40.67
"2023-06-20 10:44:02",1038,-0.03300095,1,0.01,21.21,11.98,40.63
"2023-06-20 10:44:02.2",1039,-0.03300095,1,0.011,21.21,11.99,40.67
"2023-06-20 10:44:02.4",1040,-0.03300095,1,0.011,21.21,11.98,40.67
"2023-06-20 10:44:02.6",1041,-0.3371122,1,0.01,21.21,11.98,40.67
"2023-06-20 10:44:02.8",1042,0.2711091,1,0.011,21.21,11.98,40.67
"2023-06-20 10:44:03",1043,-0.3371122,1,0.01,21.21,11.98,40.63
"2023-06-20 10:44:03.2",1044,-0.03300095,1,0.01,21.21,11.98,40.67
"2023-06-20 10:44:03.4",1045,-0.03300309,1,0.011,21.21,11.98,40.63
"2023-06-20 10:44:03.6",1046,-0.3371122,1,0.01,21.21,11.98,40.63
"2023-06-20 10:44:03.8",1047,-0.03300095,1,0.01,21.21,11.98,40.63
"2023-06-20 10:44:04",1048,-0.03300309,1,0.011,21.21,11.99,40.63
"2023-06-20 10:44:04.2",1049,-0.3371122,1,0.01,21.21,11.98,40.67
"2023-06-20 10:44:04.4",1050,-0.03300095,1,0.01,21.21,11.98,40.63
"2023-06-20 10:44:04.6",1051,0.5752192,1,0.011,21.21,11.98,40.67
"2023-06-20 10:44:04.8",1052,-0.03300095,1,0.011,21.21,11.99,40.63
"2023-06-20 10:44:05",1053,-0.3371122,1,0.01,21.21,11.98,40.63
"2023-06-20 10:44:05.2",1054,-0.03300309,1,0.011,21.21,11.98,40.63
"2023-06-20 10:44:05.4",1055,0.2711091,1,0.01,21.21,11.98,40.63
"2023-06-20 10:44:05.6",1056,0.2711079,1,0.01,21.21,11.98,40.63
"2023-06-20 10:44:05.8",1057,0.2711091,1,0.011,21.21,11.98,40.63
"2023-06-20 10:44:06",1058,-0.03300095,1,0.01,21.21,11.98,40.63
"2023-06-20 10:44:06.2",1059,-0.03300309,1,0.011,21.21,11.98,40.63
"2023-06-20 10:44:06.4",1060,-0.03300095,1,0.011,21.21,11.98,40.63
"2023-06-20 10:44:06.6",1061,-0.03300095,1,0.01,21.21,11.98,40.63
"2023-06-20 10:44:06.8",1062,0.2711091,1,0.01,21.21,11.98,40.63
"2023-06-20 10:44:07",1063,-0.6412232,1,0.011,21.23,11.99,40.63
"2023-06-20 10:44:07.2",1064,-0.03300095,1,0.01,21.23,11.98,40.63
"2023-06-20 10:44:07.4",1065,0.2711079,1,0.01,21.21,11.98,40.63
"2023-06-20 10:44:07.6",1066,0.5752192,1,0.011,21.21,11.98,40.63
"2023-06-20 10:44:07.8",1067,0.2711091,1,0.01,21.23,11.98,40.63
"2023-06-20 10:44:08",1068,-0.03300309,1,0.011,21.23,11.99,40.63
"2023-06-20 10:44:08.2",1069,-0.3371122,1,0.011,21.23,11.98,40.63
"2023-06-20 10:44:08.4",1070,-0.03300095,1,0.01,21.23,11.98,40.63
"2023-06-20 10:44:08.6",1071,-0.03300309,1,0.011,21.23,11.98,40.63
"2023-06-20 10:44:08.8",1072,-0.03300095,1,0.011,21.23,11.98,40.63
"2023-06-20 10:44:09",1073,-0.3371122,1,0.01,21.23,11.98,40.63
"2023-06-20 10:44:09.2",1074,-0.6412232,1,0.011,21.23,11.99,40.63
"2023-06-20 10:44:09.4",1075,-0.3371122,1,0.011,21.23,11.98,40.63
"2023-06-20 10:44:09.6",1076,-0.03300095,1,0.01,21.23,11.99,40.63
"2023-06-20 10:44:09.8",1077,0.271107,1,0.012,21.23,11.98,40.63
"2023-06-20 10:44:10",1078,-0.3371122,1,0.011,21.23,11.98,40.63
"2023-06-20 10:44:10.2",1079,-0.03300095,1,0.01,21.23,11.98,40.63
"2023-06-20 10:44:10.4",1080,-0.3371122,1,0.01,21.23,11.98,40.63
"2023-06-20 10:44:10.6",1081,-0.03300309,1,0.011,21.23,11.98,40.63
"2023-06-20 10:44:10.8",1082,-0.03300095,1,0.01,21.23,11.98,40.63
"2023-06-20 10:44:11",1083,-0.03300095,1,0.01,21.23,11.98,40.63
"2023-06-20 10:44:11.2",1084,-0.03300095,1,0.011,21.23,11.98,40.63
"2023-06-20 10:44:11.4",1085,0.2711091,1,0.01,21.23,11.98,40.63
"2023-06-20 10:44:11.6",1086,-0.03300095,1,0.01,21.23,11.98,40.63
"2023-06-20 10:44:11.8",1087,-0.03300309,1,0.011,21.23,11.99,40.63
"2023-06-20 10:44:12",1088,-0.3371122,1,0.01,21.23,11.98,40.63
"2023-06-20 10:44:12.2",1089,-0.3371131,1,0.01,21.23,11.98,40.63
"2023-06-20 10:44:12.4",1090,-0.03300309,1,0.011,21.23,11.98,40.63
"2023-06-20 10:44:12.6",1091,0.2711091,1,0.01,21.23,11.98,40.63
"2023-06-20 10:44:12.8",1092,0.5752192,1,0.011,21.23,11.98,40.63
"2023-06-20 10:44:13",1093,-0.03300095,1,0.011,21.23,11.98,40.63
"2023-06-20 10:44:13.2",1094,-0.03300095,1,0.01,21.23,11.98,40.63
"2023-06-20 10:44:13.4",1095,0.2711091,1,0.01,21.23,11.98,40.63
"2023-06-20 10:44:13.6",1096,-0.03300309,1,0.011,21.23,11.99,40.63
"2023-06-20 10:44:13.8",1097,-0.3371122,1,0.01,21.23,11.98,40.63
"2023-06-20 10:44:14",1098,0.2711091,1,0.011,21.23,11.98,40.63
"2023-06-20 10:44:14.2",1099,-0.3371122,1,0.011,21.23,11.98,40.63
"2023-06-20 10:44:14.4",1100,-0.03300095,1,0.01,21.23,11.98,40.63
"2023-06-20 10:44:14.6",1101,-0.03300095,1,0.011,21.23,11.98,40.63
"2023-06-20 10:44:14.8",1102,-0.3371122,1,0.011,21.23,11.98,40.63
"2023-06-20 10:44:15",1103,0.2711091,1,0.01,21.23,11.98,40.63
"2023-06-20 10:44:15.2",1104,-0.03300095,1,0.011,21.23,11.98,40.63
"2023-06-20 10:44:15.4",1105,0.2711091,1,0.01,21.23,11.98,40.63
"2023-06-20 10:44:15.6",1106,-0.03300095,1,0.01,21.23,11.98,40.63
"2023-06-20 10:44:15.8",1107,-0.6412232,1,0.011,21.23,11.98,40.63
"2023-06-20 10:44:16",1108,-0.03300095,1,0.011,21.23,11.98,40.63
"2023-06-20 10:44:16.2",1109,-0.03300095,1,0.01,21.23,11.98,40.63
"2023-06-20 10:44:16.4",1110,-0.03300309,1,0.011,21.23,11.98,40.63
"2023-06-20 10:44:16.6",1111,-0.3371122,1,0.011,21.23,11.98,40.63
"2023-06-20 10:44:16.8",1112,-0.3371122,1,0.01,21.23,11.98,40.63
"2023-06-20 10:44:17",1113,-0.03300095,1,0.011,21.23,11.98,40.63
"2023-06-20 10:44:17.2",1114,-0.03300095,1,0.011,21.23,11.98,40.63
"2023-06-20 10:44:17.4",1115,-0.03300095,1,0.01,21.23,11.98,40.63
"2023-06-20 10:44:17.6",1116,-0.03300095,1,0.011,21.23,11.98,40.63
"2023-06-20 10:44:17.8",1117,-0.3371122,1,0.011,21.23,11.98,40.63
"2023-06-20 10:44:18",1118,-0.3371122,1,0.01,21.23,11.98,40.6
"2023-06-20 10:44:18.2",1119,-0.03300309,1,0.011,21.23,11.98,40.63
"2023-06-20 10:44:18.4",1120,-0.03300095,1,0.011,21.23,11.98,40.63
"2023-06-20 10:44:18.6",1121,-0.03300095,1,0.01,21.23,11.98,40.63
"2023-06-20 10:44:18.8",1122,-0.03300095,1,0.011,21.23,11.98,40.63
"2023-06-20 10:44:19",1123,-0.3371122,1,0.011,21.23,11.99,40.63
"2023-06-20 10:44:19.2",1124,0.2711091,1,0.01,21.23,11.98,40.63
"2023-06-20 10:44:19.4",1125,-0.03300309,1,0.011,21.23,11.98,40.63
"2023-06-20 10:44:19.6",1126,-0.03300095,1,0.011,21.23,11.98,40.63
"2023-06-20 10:44:19.8",1127,-0.3371122,1,0.01,21.23,11.98,40.63
"2023-06-20 10:44:20",1128,0.5752192,1,0.011,21.23,11.98,40.6
"2023-06-20 10:44:20.2",1129,-0.3371122,1,0.01,21.23,11.98,40.6
"2023-06-20 10:44:20.4",1130,-0.03300095,1,0.01,21.23,11.98,40.63
"2023-06-20 10:44:20.6",1131,0.2711091,1,0.011,21.23,11.98,40.6
"2023-06-20 10:44:20.8",1132,-0.3371122,1,0.01,21.23,11.98,40.6
"2023-06-20 10:44:21",1133,-0.03300309,1,0.011,21.23,11.99,40.6
"2023-06-20 10:44:21.2",1134,-0.03300095,1,0.011,21.26,11.98,40.6
"2023-06-20 10:44:21.4",1135,0.2711091,1,0.01,21.26,11.98,40.63
"2023-06-20 10:44:21.6",1136,0.271107,1,0.011,21.23,11.98,40.6
"2023-06-20 10:44:21.8",1137,0.2711091,1,0.011,21.23,11.98,40.6
"2023-06-20 10:44:22",1138,0.2711091,1,0.01,21.23,11.98,40.6
"2023-06-20 10:44:22.2",1139,-0.03300309,1,0.011,21.23,11.98,40.63
"2023-06-20 10:44:22.4",1140,-0.03300095,1,0.011,21.23,11.99,40.6
"2023-06-20 10:44:22.6",1141,0.2711091,1,0.01,21.26,11.98,40.6
"2023-06-20 10:44:22.8",1142,-0.03300309,1,0.011,21.23,11.98,40.63
"2023-06-20 10:44:23",1143,0.2711091,1,0.01,21.26,11.98,40.6
"2023-06-20 10:44:23.2",1144,-0.3371122,1,0.01,21.26,11.98,40.6
"2023-06-20 10:44:23.4",1145,-0.03300095,1,0.011,21.26,11.98,40.6
"2023-06-20 10:44:23.6",1146,-0.3371122,1,0.01,21.23,11.98,40.6
"2023-06-20 10:44:23.8",1147,-0.337111,1,0.011,21.26,11.98,40.6
"2023-06-20 10:44:24",1148,-0.03300095,1,0.011,21.23,11.98,40.6
"2023-06-20 10:44:24.2",1149,-0.3371122,1,0.01,21.26,11.98,40.6
"2023-06-20 10:44:24.4",1150,0.271107,1,0.011,21.23,11.99,40.6
"2023-06-20 10:44:24.6",1151,-0.3371122,1,0.011,21.26,11.98,40.6
"2023-06-20 10:44:24.8",1152,-0.3371122,1,0.01,21.26,11.98,40.6
"2023-06-20 10:44:25",1153,-0.03300309,1,0.011,21.23,11.98,40.6
"2023-06-20 10:44:25.2",1154,-0.3371122,1,0.011,21.26,11.98,40.6
"2023-06-20 10:44:25.4",1155,-0.3371122,1,0.01,21.23,11.98,40.6
"2023-06-20 10:44:25.6",1156,-0.03300309,1,0.011,21.26,11.98,40.6
"2023-06-20 10:44:25.8",1157,-0.03300095,1,0.011,21.26,11.98,40.6
"2023-06-20 10:44:26",1158,-0.03300095,1,0.01,21.26,11.99,40.6
"2023-06-20 10:44:26.2",1159,-0.03300309,1,0.011,21.26,11.98,40.6
"2023-06-20 10:44:26.4",1160,-0.03300095,1,0.011,21.26,11.98,40.6
"2023-06-20 10:44:26.6",1161,-0.3371122,1,0.01,21.26,11.98,40.6
"2023-06-20 10:44:26.8",1162,-0.03300095,1,0.011,21.26,11.98,40.6
"2023-06-20 10:44:27",1163,-0.03300095,1,0.011,21.26,11.98,40.6
"2023-06-20 10:44:27.2",1164,-0.3371122,1,0.01,21.26,11.98,40.6
"2023-06-20 10:44:27.4",1165,-0.6412232,1,0.011,21.23,11.98,40.6
"2023-06-20 10:44:27.6",1166,-0.03300095,1,0.011,21.26,11.98,40.6
"2023-06-20 10:44:27.8",1167,-0.03300095,1,0.01,21.26,11.98,40.6
"2023-06-20 10:44:28",1168,-0.03300309,1,0.011,21.26,11.98,40.6
"2023-06-20 10:44:28.2",1169,-0.03300095,1,0.011,21.26,11.98,40.6
"2023-06-20 10:44:28.4",1170,-0.03300095,1,0.01,21.26,11.98,40.6
"2023-06-20 10:44:28.6",1171,-0.3371122,1,0.01,21.26,11.98,40.6
"2023-06-20 10:44:28.8",1172,-0.03300309,1,0.011,21.26,11.98,40.6
"2023-06-20 10:44:29",1173,-0.3371122,1,0.01,21.26,11.98,40.6
"2023-06-20 10:44:29.2",1174,-0.03300309,1,0.011,21.26,11.98,40.6
"2023-06-20 10:44:29.4",1175,-0.3371122,1,0.011,21.26,11.98,40.6
"2023-06-20 10:44:29.6",1176,-0.3371122,1,0.01,21.26,11.98,40.6
"2023-06-20 10:44:29.8",1177,-0.03300309,1,0.011,21.26,11.99,40.6
"2023-06-20 10:44:30",1178,-0.3371122,1,0.011,21.26,11.98,40.6
"2023-06-20 10:44:30.2",1179,-0.03300095,1,0.01,21.26,11.98,40.6
"2023-06-20 10:44:30.4",1180,-0.337111,1,0.011,21.26,11.98,40.6
"2023-06-20 10:44:30.6",1181,-0.03300095,1,0.011,21.26,11.98,40.6
"2023-06-20 10:44:30.8",1182,-0.3371122,1,0.01,21.26,11.98,40.6
"2023-06-20 10:44:31",1183,0.2711091,1,0.011,21.26,11.98,40.6
"2023-06-20 10:44:31.2",1184,-0.3371122,1,0.01,21.26,11.99,40.6
"2023-06-20 10:44:31.4",1185,0.2711091,1,0.011,21.26,11.98,40.6
"2023-06-20 10:44:31.6",1186,0.2711079,1,0.011,21.26,11.98,40.6
"2023-06-20 10:44:31.8",1187,-0.03300095,1,0.01,21.26,11.98,40.6
"2023-06-20 10:44:32",1188,0.271107,1,0.011,21.26,11.98,40.6
"2023-06-20 10:44:32.2",1189,-0.03300095,1,0.011,21.26,11.98,40.6
"2023-06-20 10:44:32.4",1190,-0.03300095,1,0.01,21.26,11.98,40.6
"2023-06-20 10:44:32.6",1191,-0.03300095,1,0.01,21.26,11.98,40.6
"2023-06-20 10:44:32.8",1192,0.2711091,1,0.011,21.26,11.99,40.6
"2023-06-20 10:44:33",1193,-0.3371122,1,0.01,21.26,11.98,40.6
"2023-06-20 10:44:33.2",1194,0.271107,1,0.012,21.26,11.99,40.6
"2023-06-20 10:44:33.4",1195,-0.03300095,1,0.011,21.26,11.98,40.6
"2023-06-20 10:44:33.6",1196,-0.03300095,1,0.011,21.26,11.98,40.6
"2023-06-20 10:44:33.8",1197,-0.3371122,1,0.01,21.26,11.98,40.6
"2023-06-20 10:44:34",1198,-0.03300309,1,0.011,21.26,11.98,40.6
"2023-06-20 10:44:34.2",1199,0.2711091,1,0.01,21.26,11.99,40.6
"2023-06-20 10:44:34.4",1200,-0.03300095,1,0.01,21.26,11.98,40.6
"2023-06-20 10:44:34.6",1201,-0.3371131,1,0.011,21.26,11.98,40.6
"2023-06-20 10:44:34.8",1202,-0.3371122,1,0.011,21.26,11.98,40.6
"2023-06-20 10:44:35",1203,-0.03300095,1,0.01,21.26,11.98,40.6
"2023-06-20 10:44:35.2",1204,0.5752192,1,0.011,21.26,11.98,40.6
"2023-06-20 10:44:35.4",1205,-0.03300095,1,0.011,21.26,11.98,40.6
"2023-06-20 10:44:35.6",1206,-0.3371122,1,0.01,21.26,11.98,40.6
"2023-06-20 10:44:35.8",1207,-0.03300309,1,0.011,21.26,11.98,40.6
"2023-06-20 10:44:36",1208,-0.3371122,1,0.011,21.26,11.98,40.6
"2023-06-20 10:44:36.2",1209,-0.03300095,1,0.01,21.26,11.98,40.6
"2023-06-20 10:44:36.4",1210,-0.03300095,1,0.011,21.26,11.98,40.6
"2023-06-20 10:44:36.6",1211,-0.3371122,1,0.011,21.26,11.98,40.57
"2023-06-20 10:44:36.8",1212,-0.03300095,1,0.01,21.26,11.98,40.57
"2023-06-20 10:44:37",1213,-0.03300309,1,0.011,21.26,11.98,40.57
"2023-06-20 10:44:37.2",1214,-0.03300095,1,0.011,21.26,11.98,40.6
"2023-06-20 10:44:37.4",1215,-0.03300095,1,0.01,21.26,11.99,40.57
"2023-06-20 10:44:37.6",1216,-0.03300309,1,0.011,21.26,11.98,40.57
"2023-06-20 10:44:37.8",1217,-0.3371122,1,0.011,21.26,11.98,40.6
"2023-06-20 10:44:38",1218,-0.03300095,1,0.01,21.26,11.98,40.57
"2023-06-20 10:44:38.2",1219,-0.03300095,1,0.011,21.26,11.98,40.57
"2023-06-20 10:44:38.4",1220,-0.03300095,1,0.011,21.26,11.98,40.57
"2023-06-20 10:44:38.6",1221,-0.3371122,1,0.01,21.26,11.98,40.6
"2023-06-20 10:44:38.8",1222,0.5752192,1,0.011,21.26,11.99,40.57
"2023-06-20 10:44:39",1223,0.2711091,1,0.011,21.26,11.99,40.57
"2023-06-20 10:44:39.2",1224,-0.3371122,1,0.01,21.26,11.99,40.57
"2023-06-20 10:44:39.4",1225,-0.03300309,1,0.011,21.26,11.98,40.57
"2023-06-20 10:44:39.6",1226,0.2711091,1,0.011,21.26,11.98,40.57
"2023-06-20 10:44:39.8",1227,-0.03300095,1,0.01,21.26,11.99,40.57
"2023-06-20 10:44:40",1228,0.2711091,1,0.011,21.26,11.98,40.57
"2023-06-20 10:44:40.2",1229,-0.03300095,1,0.011,21.26,11.98,40.57
"2023-06-20 10:44:40.4",1230,-0.03300095,1,0.01,21.26,11.98,40.57
"2023-06-20 10:44:40.6",1231,0.2711091,1,0.011,21.26,11.98,40.57
"2023-06-20 10:44:40.8",1232,-0.3371122,1,0.01,21.26,11.98,40.57
"2023-06-20 10:44:41",1233,-0.03300095,1,0.01,21.26,11.98,40.57
"2023-06-20 10:44:41.2",1234,-0.03300095,1,0.011,21.26,11.99,40.57
"2023-06-20 10:44:41.4",1235,-0.03300095,1,0.011,21.26,11.98,40.57
"2023-06-20 10:44:41.6",1236,-0.03300095,1,0.01,21.26,11.98,40.57
"2023-06-20 10:44:41.8",1237,0.5752192,1,0.011,21.26,11.98,40.57
"2023-06-20 10:44:42",1238,0.2711091,1,0.011,21.26,11.98,40.57
"2023-06-20 10:44:42.2",1239,-0.03300095,1,0.01,21.26,11.98,40.57
"2023-06-20 10:44:42.4",1240,-0.337111,1,0.011,21.26,11.98,40.57
"2023-06-20 10:44:42.6",1241,-0.3371122,1,0.01,21.26,11.98,40.57
"2023-06-20 10:44:42.8",1242,-0.3371122,1,0.01,21.26,11.98,40.57
"2023-06-20 10:44:43",1243,0.271107,1,0.011,21.26,11.98,40.57
"2023-06-20 10:44:43.2",1244,-0.03300095,1,0.011,21.26,11.98,40.57
"2023-06-20 10:44:43.4",1245,-0.03300095,1,0.01,21.26,11.98,40.57
"2023-06-20 10:44:43.6",1246,-0.03300095,1,0.011,21.26,11.98,40.57
"2023-06-20 10:44:43.8",1247,-0.3371122,1,0.011,21.26,11.98,40.57
"2023-06-20 10:44:44",1248,-0.3371122,1,0.01,21.26,11.98,40.57
"2023-06-20 10:44:44.2",1249,-0.6412232,1,0.011,21.26,11.98,40.57
"2023-06-20 10:44:44.4",1250,-0.03300095,1,0.011,21.26,11.98,40.57
"2023-06-20 10:44:44.6",1251,-0.3371122,1,0.01,21.26,11.98,40.57
"2023-06-20 10:44:44.8",1252,-0.03300309,1,0.011,21.26,11.98,40.57
"2023-06-20 10:44:45",1253,-0.03300095,1,0.011,21.26,11.99,40.57
"2023-06-20 10:44:45.2",1254,-0.03300095,1,0.01,21.26,11.98,40.57
"2023-06-20 10:44:45.4",1255,-0.337111,1,0.011,21.26,11.98,40.57
"2023-06-20 10:44:45.6",1256,-0.03300095,1,0.011,21.26,11.98,40.53
"2023-06-20 10:44:45.8",1257,-0.03300095,1,0.01,21.26,11.98,40.57
"2023-06-20 10:44:46",1258,0.2711091,1,0.011,21.26,11.99,40.57
"2023-06-20 10:44:46.2",1259,-0.03300095,1,0.011,21.26,11.98,40.57
"2023-06-20 10:44:46.4",1260,-0.3371122,1,0.01,21.26,11.98,40.53
"2023-06-20 10:44:46.6",1261,-0.03300095,1,0.011,21.26,11.98,40.57
"2023-06-20 10:44:46.8",1262,0.2711091,1,0.01,21.26,11.98,40.57
"2023-06-20 10:44:47",1263,-0.03300095,1,0.01,21.26,11.98,40.57
"2023-06-20 10:44:47.2",1264,-0.03300095,1,0.011,21.26,11.98,40.57
"2023-06-20 10:44:47.4",1265,-0.3371122,1,0.01,21.26,11.98,40.53
"2023-06-20 10:44:47.6",1266,-0.3371122,1,0.01,21.29,11.98,40.57
"2023-06-20 10:44:47.8",1267,-0.03300309,1,0.011,21.29,11.98,40.57
"2023-06-20 10:44:48",1268,-0.03300095,1,0.01,21.29,11.98,40.57
"2023-06-20 10:44:48.2",1269,-0.3371122,1,0.01,21.26,11.98,40.53
"2023-06-20 10:44:48.4",1270,-0.03300309,1,0.011,21.29,11.98,40.57
"2023-06-20 10:44:48.6",1271,-0.3371122,1,0.01,21.29,11.98,40.57
"2023-06-20 10:44:48.8",1272,-0.03300095,1,0.011,21.26,11.98,40.53
"2023-06-20 10:44:49",1273,-0.3371122,1,0.011,21.26,11.98,40.57
"2023-06-20 10:44:49.2",1274,-0.03300095,1,0.01,21.29,11.98,40.57
"2023-06-20 10:44:49.4",1275,-0.03300095,1,0.011,21.26,11.98,40.53
"2023-06-20 10:44:49.6",1276,-0.03300095,1,0.011,21.26,11.98,40.57
"2023-06-20 10:44:49.8",1277,-0.3371122,1,0.01,21.26,11.98,40.57
"2023-06-20 10:44:50",1278,0.2711091,1,0.011,21.29,11.98,40.53
"2023-06-20 10:44:50.2",1279,-0.03300095,1,0.011,21.29,11.99,40.53
"2023-06-20 10:44:50.4",1280,-0.03300095,1,0.01,21.26,11.98,40.53
"2023-06-20 10:44:50.6",1281,-0.03300309,1,0.011,21.29,11.98,40.53
"2023-06-20 10:44:50.8",1282,-0.03300095,1,0.011,21.26,11.98,40.57
