"TOA5","CS110","CR1000","93710","CR1000.Std.32.04","CPU:CS110_1675_5Hz.cr1","32014","Tab"
"TIMESTAMP","RECORD","E_field","status","leakage_cur","panel_temp","battery_volt","internal_RH"
"TS","RN","volts/m","","nA","DegC","V","%"
"","","Smp","Smp","Smp","Smp","Smp","Smp"
"2023-06-21 12:24:57",0,-0.317687,4,0.011,21.72,11.98,40.6
"2023-06-21 12:24:57.4",1,-0.01357698,8,0.01,21.72,11.98,40.6
"2023-06-21 12:24:57.6",2,-0.01357698,1,0.01,21.72,11.98,40.6
"2023-06-21 12:24:57.8",3,0.2905288,1,0.011,21.72,11.98,40.6
"2023-06-21 12:24:58",4,-0.01357698,1,0.01,21.72,11.98,40.57
"2023-06-21 12:24:58.2",5,0.2905288,1,0.011,21.72,11.98,40.6
"2023-06-21 12:24:58.4",6,-0.01357698,1,0.011,21.72,11.98,40.6
"2023-06-21 12:24:58.6",7,-0.01357698,1,0.01,21.72,11.98,40.6
"2023-06-21 12:24:58.8",8,0.2905288,1,0.011,21.72,11.98,40.6
"2023-06-21 12:24:59",9,-0.01357698,1,0.01,21.72,11.98,40.57
"2023-06-21 12:24:59.2",10,-0.01357698,1,0.01,21.72,11.98,40.6
"2023-06-21 12:24:59.4",11,0.2905288,1,0.011,21.72,11.98,40.57
"2023-06-21 12:24:59.6",12,-0.01357698,1,0.01,21.75,11.99,40.6
"2023-06-21 12:24:59.8",13,-0.3176827,1,0.01,21.72,11.98,40.6
"2023-06-21 12:25:00",14,-0.01357698,1,0.011,21.72,11.98,40.57
"2023-06-21 12:25:00.2",15,-0.01357698,1,0.01,21.75,11.98,40.6
"2023-06-21 12:25:00.4",16,0.2905288,1,0.011,21.72,11.98,40.57
"2023-06-21 12:25:00.6",17,-0.01357698,1,0.011,21.72,11.98,40.57
"2023-06-21 12:25:00.8",18,-0.3176827,1,0.01,21.72,11.98,40.57
"2023-06-21 12:25:01",19,0.2905288,1,0.011,21.75,11.98,40.6
"2023-06-21 12:25:01.2",20,0.2905288,1,0.011,21.72,11.98,40.57
"2023-06-21 12:25:01.4",21,-0.3176827,1,0.01,21.75,11.98,40.57
"2023-06-21 12:25:01.6",22,-0.01357698,1,0.01,21.72,11.98,40.57
"2023-06-21 12:25:01.8",23,-0.01357698,1,0.011,21.75,11.98,40.57
"2023-06-21 12:25:02",24,-0.6217885,1,0.01,21.72,11.98,40.6
"2023-06-21 12:25:02.2",25,-0.3176827,1,0.01,21.75,11.98,40.57
"2023-06-21 12:25:02.4",26,-0.3176827,1,0.011,21.72,11.98,40.57
"2023-06-21 12:25:02.6",27,0.2905288,1,0.01,21.75,11.98,40.57
"2023-06-21 12:25:02.8",28,-0.01357698,1,0.01,21.75,11.98,40.57
"2023-06-21 12:25:03",29,-0.01357698,1,0.011,21.75,11.98,40.57
"2023-06-21 12:25:03.2",30,-0.3176827,1,0.011,21.75,11.98,40.57
"2023-06-21 12:25:03.4",31,-0.3176827,1,0.01,21.75,11.98,40.57
"2023-06-21 12:25:03.6",32,-0.01357698,1,0.012,21.75,11.98,40.57
"2023-06-21 12:25:03.8",33,0.2905288,1,0.011,21.75,11.98,40.57
"2023-06-21 12:25:04",34,-0.01357698,1,0.01,21.75,11.98,40.57
"2023-06-21 12:25:04.2",35,0.2905288,1,0.01,21.72,11.98,40.57
"2023-06-21 12:25:04.4",36,0.2905288,1,0.011,21.75,11.98,40.57
"2023-06-21 12:25:04.6",37,0.2905288,1,0.01,21.75,11.98,40.57
"2023-06-21 12:25:04.8",38,0.2905288,1,0.01,21.72,11.98,40.57
"2023-06-21 12:25:05",39,0.2905288,1,0.011,21.75,11.99,40.57
"2023-06-21 12:25:05.2",40,0.5946345,1,0.01,21.75,11.98,40.57
"2023-06-21 12:25:05.4",41,-0.01357698,1,0.01,21.72,11.98,40.57
"2023-06-21 12:25:05.6",42,0.2905288,1,0.011,21.75,11.98,40.57
"2023-06-21 12:25:05.8",43,-0.01357698,1,0.01,21.75,11.98,40.57
"2023-06-21 12:25:06",44,0.2905288,1,0.01,21.75,11.99,40.57
"2023-06-21 12:25:06.2",45,0.2905288,1,0.011,21.75,11.98,40.57
"2023-06-21 12:25:06.4",46,-0.3176827,1,0.01,21.75,11.98,40.57
"2023-06-21 12:25:06.6",47,-0.01357698,1,0.01,21.75,11.98,40.57
"2023-06-21 12:25:06.8",48,0.2905288,1,0.011,21.75,11.98,40.57
"2023-06-21 12:25:07",49,-0.3176827,1,0.01,21.72,11.98,40.57
"2023-06-21 12:25:07.2",50,-0.01357698,1,0.01,21.75,11.98,40.57
"2023-06-21 12:25:07.4",51,-0.01357698,1,0.011,21.75,11.98,40.57
"2023-06-21 12:25:07.6",52,-0.3176827,1,0.01,21.75,11.98,40.57
"2023-06-21 12:25:07.8",53,-0.3176827,1,0.01,21.75,11.98,40.57
"2023-06-21 12:25:08",54,-0.01357698,1,0.011,21.75,11.98,40.53
"2023-06-21 12:25:08.2",55,-0.3176827,1,0.01,21.75,11.98,40.57
"2023-06-21 12:25:08.4",56,-0.3176827,1,0.01,21.75,11.98,40.57
"2023-06-21 12:25:08.6",57,-0.3176827,1,0.011,21.75,11.98,40.57
"2023-06-21 12:25:08.8",58,-0.6217885,1,0.01,21.75,11.98,40.57
"2023-06-21 12:25:09",59,-0.3176827,1,0.01,21.75,11.98,40.57
"2023-06-21 12:25:09.2",60,-0.3176827,1,0.011,21.75,11.98,40.57
"2023-06-21 12:25:09.4",61,0.2905288,1,0.01,21.75,11.98,40.57
"2023-06-21 12:25:09.6",62,-0.3176827,1,0.01,21.75,11.98,40.53
"2023-06-21 12:25:09.8",63,-0.3176827,1,0.011,21.75,11.98,40.57
"2023-06-21 12:25:10",64,-0.01357698,1,0.01,21.75,11.98,40.53
"2023-06-21 12:25:10.2",65,-0.01357698,1,0.01,21.75,11.98,40.57
"2023-06-21 12:25:10.4",66,-0.01357698,1,0.011,21.75,11.98,40.53
"2023-06-21 12:25:10.6",67,0.2905288,1,0.011,21.75,11.98,40.53
"2023-06-21 12:25:10.8",68,-0.01357698,1,0.01,21.75,11.98,40.57
"2023-06-21 12:25:11",69,0.2905288,1,0.011,21.75,11.98,40.53
"2023-06-21 12:25:11.2",70,0.2905288,1,0.011,21.75,11.98,40.57
"2023-06-21 12:25:11.4",71,0.2905288,1,0.01,21.75,11.98,40.53
"2023-06-21 12:25:11.6",72,0.2905288,1,0.011,21.75,11.98,40.53
"2023-06-21 12:25:11.8",73,-0.01357698,1,0.011,21.75,11.98,40.53
"2023-06-21 12:25:12",74,0.2905288,1,0.01,21.75,11.98,40.53
"2023-06-21 12:25:12.2",75,0.2905288,1,0.011,21.75,11.98,40.53
"2023-06-21 12:25:12.4",76,-0.01357698,1,0.011,21.75,11.98,40.53
"2023-06-21 12:25:12.6",77,-0.3176827,1,0.01,21.75,11.98,40.53
"2023-06-21 12:25:12.8",78,-0.01357698,1,0.011,21.75,11.98,40.53
"2023-06-21 12:25:13",79,-0.01357698,1,0.01,21.75,11.98,40.53
"2023-06-21 12:25:13.2",80,-0.6217885,1,0.01,21.75,11.98,40.53
"2023-06-21 12:25:13.4",81,0.2905288,1,0.011,21.75,11.98,40.53
"2023-06-21 12:25:13.6",82,-0.01357698,1,0.01,21.75,11.98,40.53
"2023-06-21 12:25:13.8",83,-0.01357698,1,0.01,21.75,11.98,40.53
"2023-06-21 12:25:14",84,-0.01357698,1,0.011,21.75,11.98,40.53
"2023-06-21 12:25:14.2",85,0.2905288,1,0.01,21.75,11.98,40.53
"2023-06-21 12:25:14.4",86,-0.01357698,1,0.01,21.75,11.98,40.53
"2023-06-21 12:25:14.6",87,0.2905288,1,0.011,21.75,11.98,40.53
"2023-06-21 12:25:14.8",88,-0.01357698,1,0.01,21.75,11.98,40.53
"2023-06-21 12:25:15",89,-0.01357698,1,0.01,21.75,11.98,40.53
"2023-06-21 12:25:15.2",90,0.2905288,1,0.011,21.75,11.98,40.53
"2023-06-21 12:25:15.4",91,0.2905288,1,0.01,21.75,11.98,40.53
"2023-06-21 12:25:15.6",92,0.2905288,1,0.01,21.75,11.98,40.53
"2023-06-21 12:25:15.8",93,-0.3176827,1,0.011,21.75,11.98,40.53
"2023-06-21 12:25:16",94,-0.3176827,1,0.01,21.75,11.98,40.53
"2023-06-21 12:25:16.2",95,-0.01357698,1,0.01,21.75,11.99,40.53
"2023-06-21 12:25:16.4",96,-0.01357698,1,0.011,21.75,11.98,40.53
"2023-06-21 12:25:16.6",97,0.2905288,1,0.011,21.75,11.98,40.53
"2023-06-21 12:25:16.8",98,0.2905288,1,0.01,21.75,11.98,40.53
"2023-06-21 12:25:17",99,-0.3176827,1,0.011,21.75,11.98,40.53
"2023-06-21 12:25:17.2",100,-0.3176827,1,0.011,21.75,11.98,40.53
"2023-06-21 12:25:17.4",101,-0.3176827,1,0.01,21.75,11.98,40.53
"2023-06-21 12:25:17.6",102,0.2905288,1,0.01,21.75,11.98,40.53
"2023-06-21 12:25:17.8",103,0.2905288,1,0.011,21.75,11.99,40.53
"2023-06-21 12:25:18",104,0.2905288,1,0.01,21.75,11.99,40.53
"2023-06-21 12:25:18.2",105,-0.01357698,1,0.01,21.75,11.98,40.53
"2023-06-21 12:25:18.4",106,-0.01357698,1,0.011,21.75,11.98,40.53
"2023-06-21 12:25:18.6",107,-0.3176827,1,0.011,21.75,11.98,40.53
"2023-06-21 12:25:18.8",108,0.2905288,1,0.01,21.75,11.98,40.53
"2023-06-21 12:25:19",109,-0.3176827,1,0.011,21.75,11.98,40.53
"2023-06-21 12:25:19.2",110,0.2905288,1,0.011,21.75,11.98,40.53
"2023-06-21 12:25:19.4",111,-0.3176827,1,0.01,21.75,11.98,40.53
"2023-06-21 12:25:19.6",112,-0.3176827,1,0.01,21.75,11.98,40.53
"2023-06-21 12:25:19.8",113,0.2905288,1,0.011,21.75,11.98,40.53
"2023-06-21 12:25:20",114,-0.3176827,1,0.01,21.75,11.98,40.53
"2023-06-21 12:25:20.2",115,0.2905288,1,0.01,21.75,11.98,40.53
"2023-06-21 12:25:20.4",116,0.2905288,1,0.011,21.75,11.98,40.53
"2023-06-21 12:25:20.6",117,-0.01357698,1,0.01,21.75,11.98,40.53
"2023-06-21 12:25:20.8",118,-0.3176827,1,0.01,21.75,11.98,40.53
"2023-06-21 12:25:21",119,-0.01357698,1,0.011,21.75,11.98,40.53
"2023-06-21 12:25:21.2",120,0.2905288,1,0.011,21.75,11.98,40.53
"2023-06-21 12:25:21.4",121,-0.01357698,1,0.01,21.75,11.98,40.53
"2023-06-21 12:25:21.6",122,-0.3176827,1,0.011,21.75,11.98,40.53
"2023-06-21 12:25:21.8",123,0.2905288,1,0.011,21.75,11.98,40.53
"2023-06-21 12:25:22",124,-0.3176827,1,0.01,21.75,11.98,40.53
"2023-06-21 12:25:22.2",125,-0.01357698,1,0.01,21.75,11.98,40.53
"2023-06-21 12:25:22.4",126,-0.01357698,1,0.011,21.75,11.98,40.53
"2023-06-21 12:25:22.6",127,-0.3176827,1,0.01,21.75,11.98,40.53
"2023-06-21 12:25:22.8",128,-0.01357698,1,0.01,21.75,11.98,40.53
"2023-06-21 12:25:23",129,-0.01357698,1,0.011,21.75,11.98,40.53
"2023-06-21 12:25:23.2",130,-0.3176827,1,0.011,21.75,11.98,40.53
"2023-06-21 12:25:23.4",131,-0.3176827,1,0.01,21.75,11.98,40.53
"2023-06-21 12:25:23.6",132,-0.3176827,1,0.011,21.75,11.98,40.53
"2023-06-21 12:25:23.8",133,-0.3176827,1,0.011,21.75,11.98,40.53
"2023-06-21 12:25:24",134,0.2905288,1,0.01,21.75,11.98,40.53
"2023-06-21 12:25:24.2",135,0.2905288,1,0.01,21.75,11.98,40.53
"2023-06-21 12:25:24.4",136,-0.01357698,1,0.011,21.75,11.98,40.53
"2023-06-21 12:25:24.6",137,-0.3176827,1,0.011,21.75,11.98,40.53
"2023-06-21 12:25:24.8",138,-0.3176827,1,0.01,21.75,11.98,40.53
"2023-06-21 12:25:25",139,-0.3176827,1,0.011,21.75,11.98,40.53
"2023-06-21 12:25:25.2",140,-0.3176827,1,0.011,21.75,11.98,40.53
"2023-06-21 12:25:25.4",141,-0.3176827,1,0.01,21.75,11.98,40.53
"2023-06-21 12:25:25.6",142,-0.3176827,1,0.01,21.75,11.98,40.53
"2023-06-21 12:25:25.8",143,-0.3176827,1,0.011,21.75,11.98,40.53
"2023-06-21 12:25:26",144,-0.01357698,1,0.01,21.75,11.98,40.53
"2023-06-21 12:25:26.2",145,0.2905288,1,0.01,21.75,11.98,40.53
"2023-06-21 12:25:26.4",146,0.2905288,1,0.011,21.78,11.98,40.5
"2023-06-21 12:25:26.6",147,-0.3176827,1,0.01,21.75,11.98,40.53
"2023-06-21 12:25:26.8",148,-0.3176827,1,0.01,21.78,11.98,40.5
"2023-06-21 12:25:27",149,0.2905288,1,0.011,21.75,11.98,40.5
"2023-06-21 12:25:27.2",150,-0.3176827,1,0.011,21.75,11.98,40.5
"2023-06-21 12:25:27.4",151,0.2905288,1,0.01,21.78,11.98,40.53
"2023-06-21 12:25:27.6",152,0.2905288,1,0.011,21.78,11.98,40.5
"2023-06-21 12:25:27.8",153,-0.01357698,1,0.011,21.78,11.98,40.5
"2023-06-21 12:25:28",154,-0.3176827,1,0.01,21.78,11.98,40.5
"2023-06-21 12:25:28.2",155,0.2905288,1,0.011,21.78,11.98,40.53
"2023-06-21 12:25:28.4",156,0.2905288,1,0.011,21.78,11.98,40.5
"2023-06-21 12:25:28.6",157,-0.01357698,1,0.01,21.78,11.98,40.5
"2023-06-21 12:25:28.8",158,0.2905288,1,0.011,21.78,11.98,40.53
"2023-06-21 12:25:29",159,0.5946345,1,0.011,21.78,11.98,40.5
"2023-06-21 12:25:29.2",160,-0.01357698,1,0.01,21.78,11.99,40.5
"2023-06-21 12:25:29.4",161,0.2905288,1,0.011,21.78,11.98,40.5
"2023-06-21 12:25:29.6",162,-0.3176827,1,0.011,21.78,11.98,40.5
"2023-06-21 12:25:29.8",163,-0.01357698,1,0.01,21.78,11.98,40.5
"2023-06-21 12:25:30",164,-0.3176827,1,0.011,21.78,11.98,40.5
"2023-06-21 12:25:30.2",165,0.2905288,1,0.011,21.78,11.98,40.5
"2023-06-21 12:25:30.4",166,0.2905288,1,0.01,21.78,11.99,40.5
"2023-06-21 12:25:30.6",167,0.2905288,1,0.011,21.78,11.98,40.5
"2023-06-21 12:25:30.8",168,0.2905288,1,0.011,21.78,11.98,40.5
"2023-06-21 12:25:31",169,-0.3176827,1,0.01,21.78,11.98,40.5
"2023-06-21 12:25:31.2",170,-0.01357698,1,0.01,21.78,11.98,40.5
"2023-06-21 12:25:31.4",171,-0.01357698,1,0.011,21.78,11.98,40.5
"2023-06-21 12:25:31.6",172,-0.3176827,1,0.01,21.78,11.98,40.5
"2023-06-21 12:25:31.8",173,-0.3176827,1,0.01,21.78,11.98,40.5
"2023-06-21 12:25:32",174,-0.3176827,1,0.011,21.78,11.98,40.5
"2023-06-21 12:25:32.2",175,-0.01357698,1,0.01,21.78,11.98,40.5
"2023-06-21 12:25:32.4",176,0.2905288,1,0.01,21.78,11.98,40.5
"2023-06-21 12:25:32.6",177,-0.3176827,1,0.011,21.78,11.98,40.5
"2023-06-21 12:25:32.8",178,-0.3176827,1,0.011,21.78,11.98,40.5
"2023-06-21 12:25:33",179,-0.01357698,1,0.01,21.78,11.98,40.5
"2023-06-21 12:25:33.2",180,0.2905288,1,0.011,21.78,11.98,40.5
"2023-06-21 12:25:33.4",181,0.2905288,1,0.011,21.78,11.98,40.5
"2023-06-21 12:25:33.6",182,-0.3176827,1,0.01,21.78,11.98,40.5
"2023-06-21 12:25:33.8",183,0.2905288,1,0.011,21.78,11.98,40.5
"2023-06-21 12:25:34",184,0.2905288,1,0.011,21.78,11.98,40.5
"2023-06-21 12:25:34.2",185,0.2905288,1,0.01,21.78,11.98,40.5
"2023-06-21 12:25:34.4",186,0.2905288,1,0.01,21.78,11.98,40.5
"2023-06-21 12:25:34.6",187,-0.01357698,1,0.011,21.78,11.98,40.5
"2023-06-21 12:25:34.8",188,-0.01357698,1,0.01,21.78,11.98,40.5
"2023-06-21 12:25:35",189,0.2905288,1,0.011,21.78,11.98,40.5
"2023-06-21 12:25:35.2",190,-0.01357698,1,0.011,21.78,11.98,40.5
"2023-06-21 12:25:35.4",191,-0.3176827,1,0.01,21.78,11.98,40.5
"2023-06-21 12:25:35.6",192,0.2905288,1,0.011,21.78,11.98,40.5
"2023-06-21 12:25:35.8",193,0.2905288,1,0.011,21.78,11.98,40.5
"2023-06-21 12:25:36",194,-0.3176827,1,0.01,21.78,11.98,40.5
"2023-06-21 12:25:36.2",195,-0.3176827,1,0.01,21.78,11.98,40.5
"2023-06-21 12:25:36.4",196,-0.01357698,1,0.011,21.78,11.98,40.5
"2023-06-21 12:25:36.6",197,0.2905288,1,0.011,21.78,11.98,40.5
"2023-06-21 12:25:36.8",198,-0.3176827,1,0.01,21.78,11.98,40.5
"2023-06-21 12:25:37",199,-0.3176827,1,0.011,21.78,11.98,40.5
"2023-06-21 12:25:37.2",200,0.2905288,1,0.011,21.78,11.98,40.5
"2023-06-21 12:25:37.4",201,0.2905288,1,0.01,21.78,11.98,40.5
"2023-06-21 12:25:37.6",202,0.2905288,1,0.01,21.78,11.98,40.5
"2023-06-21 12:25:37.8",203,-0.01357698,1,0.011,21.78,11.98,40.5
"2023-06-21 12:25:38",204,0.2905288,1,0.01,21.78,11.98,40.5
"2023-06-21 12:25:38.2",205,-0.3176827,1,0.01,21.78,11.98,40.5
"2023-06-21 12:25:38.4",206,-0.3176827,1,0.011,21.78,11.98,40.5
"2023-06-21 12:25:38.6",207,-0.6217885,1,0.01,21.78,11.98,40.5
"2023-06-21 12:25:38.8",208,-0.3176827,1,0.01,21.78,11.98,40.5
"2023-06-21 12:25:39",209,0.2905288,1,0.011,21.78,11.98,40.5
"2023-06-21 12:25:39.2",210,-0.3176827,1,0.01,21.78,11.98,40.5
"2023-06-21 12:25:39.4",211,0.2905288,1,0.01,21.78,11.99,40.47
"2023-06-21 12:25:39.6",212,0.2905288,1,0.011,21.78,11.98,40.5
"2023-06-21 12:25:39.8",213,0.2905288,1,0.011,21.78,11.98,40.5
"2023-06-21 12:25:40",214,-0.3176827,1,0.01,21.78,11.98,40.5
"2023-06-21 12:25:40.2",215,-0.3176827,1,0.011,21.78,11.98,40.5
"2023-06-21 12:25:40.4",216,-0.3176827,1,0.011,21.78,11.99,40.47
"2023-06-21 12:25:40.6",217,0.2905288,1,0.01,21.78,11.98,40.47
"2023-06-21 12:25:40.8",218,-0.3176827,1,0.01,21.78,11.98,40.47
"2023-06-21 12:25:41",219,0.2905288,1,0.011,21.78,11.98,40.47
"2023-06-21 12:25:41.2",220,-0.01357698,1,0.01,21.78,11.98,40.5
"2023-06-21 12:25:41.4",221,0.2905288,1,0.01,21.78,11.98,40.47
"2023-06-21 12:25:41.6",222,-0.01357698,1,0.011,21.78,11.98,40.47
"2023-06-21 12:25:41.8",223,-0.3176827,1,0.01,21.78,11.98,40.47
"2023-06-21 12:25:42",224,-0.3176827,1,0.01,21.78,11.98,40.47
"2023-06-21 12:25:42.2",225,-0.01357698,1,0.011,21.81,11.98,40.47
"2023-06-21 12:25:42.4",226,-0.01357698,1,0.01,21.78,11.98,40.47
"2023-06-21 12:25:42.6",227,-0.3176827,1,0.01,21.78,11.98,40.47
"2023-06-21 12:25:42.8",228,-0.01357698,1,0.011,21.78,11.98,40.47
"2023-06-21 12:25:43",229,-0.3176827,1,0.011,21.81,11.98,40.47
"2023-06-21 12:25:43.2",230,-0.01357698,1,0.01,21.81,11.98,40.47
"2023-06-21 12:25:43.4",231,-0.3176827,1,0.011,21.81,11.98,40.47
"2023-06-21 12:25:43.6",232,-0.3176827,1,0.011,21.78,11.98,40.47
"2023-06-21 12:25:43.8",233,0.5946345,1,0.01,21.81,11.98,40.47
"2023-06-21 12:25:44",234,0.2905288,1,0.011,21.81,11.99,40.47
"2023-06-21 12:25:44.2",235,-0.01357698,1,0.011,21.78,11.98,40.47
"2023-06-21 12:25:44.4",236,0.2905288,1,0.01,21.81,11.98,40.47
"2023-06-21 12:25:44.6",237,0.2905288,1,0.011,21.81,11.98,40.47
"2023-06-21 12:25:44.8",238,-0.6217885,1,0.011,21.81,11.98,40.47
"2023-06-21 12:25:45",239,-0.01357698,1,0.01,21.81,11.98,40.47
"2023-06-21 12:25:45.2",240,-0.01357698,1,0.011,21.81,11.98,40.47
"2023-06-21 12:25:45.4",241,0.2905288,1,0.011,21.81,11.98,40.47
"2023-06-21 12:25:45.6",242,-0.01357698,1,0.01,21.81,11.98,40.47
"2023-06-21 12:25:45.8",243,-0.01357698,1,0.012,21.81,11.98,40.47
"2023-06-21 12:25:46",244,-0.3176827,1,0.011,21.81,11.98,40.47
"2023-06-21 12:25:46.2",245,0.2905288,1,0.01,21.81,11.98,40.47
"2023-06-21 12:25:46.4",246,-0.01357698,1,0.01,21.81,11.98,40.47
"2023-06-21 12:25:46.6",247,-0.01357698,1,0.011,21.81,11.98,40.47
"2023-06-21 12:25:46.8",248,-0.01357698,1,0.01,21.81,11.98,40.47
"2023-06-21 12:25:47",249,-0.01357698,1,0.01,21.81,11.98,40.47
"2023-06-21 12:25:47.2",250,-0.01357698,1,0.011,21.81,11.98,40.47
"2023-06-21 12:25:47.4",251,-0.3176827,1,0.01,21.81,11.98,40.47
"2023-06-21 12:25:47.6",252,-0.3176827,1,0.01,21.81,11.98,40.47
"2023-06-21 12:25:47.8",253,0.2905288,1,0.011,21.81,11.98,40.47
"2023-06-21 12:25:48",254,0.2905288,1,0.01,21.81,11.98,40.47
"2023-06-21 12:25:48.2",255,0.5946345,1,0.01,21.81,11.98,40.47
"2023-06-21 12:25:48.4",256,-0.01357698,1,0.011,21.81,11.98,40.47
"2023-06-21 12:25:48.6",257,-0.01357698,1,0.01,21.81,11.98,40.47
"2023-06-21 12:25:48.8",258,-0.3176827,1,0.011,21.81,11.98,40.47
"2023-06-21 12:25:49",259,-0.01357698,1,0.011,21.81,11.98,40.47
"2023-06-21 12:25:49.2",260,-0.01357698,1,0.01,21.81,11.98,40.47
"2023-06-21 12:25:49.4",261,0.2905288,1,0.011,21.81,11.98,40.47
"2023-06-21 12:25:49.6",262,-0.3176827,1,0.011,21.81,11.98,40.47
"2023-06-21 12:25:49.8",263,-0.3176827,1,0.01,21.81,11.98,40.47
"2023-06-21 12:25:50",264,-0.3176827,1,0.011,21.81,11.98,40.47
"2023-06-21 12:25:50.2",265,-0.3176827,1,0.011,21.81,11.98,40.47
"2023-06-21 12:25:50.4",266,0.2905288,1,0.01,21.81,11.98,40.47
"2023-06-21 12:25:50.6",267,-0.3176827,1,0.01,21.81,11.98,40.47
"2023-06-21 12:25:50.8",268,0.2905288,1,0.011,21.81,11.98,40.47
"2023-06-21 12:25:51",269,0.2905288,1,0.01,21.81,11.98,40.47
"2023-06-21 12:25:51.2",270,-0.3176827,1,0.01,21.81,11.98,40.47
"2023-06-21 12:25:51.4",271,0.2905288,1,0.011,21.81,11.98,40.47
"2023-06-21 12:25:51.6",272,0.2905288,1,0.011,21.81,11.98,40.47
"2023-06-21 12:25:51.8",273,-0.01357698,1,0.01,21.81,11.98,40.47
"2023-06-21 12:25:52",274,0.2905288,1,0.011,21.81,11.98,40.47
"2023-06-21 12:25:52.2",275,-0.3176785,1,0.011,21.81,11.98,40.47
"2023-06-21 12:25:52.4",276,-0.01357162,1,0.01,21.81,11.98,40.47
"2023-06-21 12:25:52.6",277,-0.3176785,1,0.011,21.81,11.98,40.47
"2023-06-21 12:25:52.8",278,-0.01357162,1,0.01,21.81,11.98,40.47
"2023-06-21 12:25:53",279,0.2905363,1,0.01,21.81,11.98,40.47
"2023-06-21 12:25:53.2",280,-0.3176785,1,0.011,21.81,11.98,40.47
"2023-06-21 12:25:53.4",281,0.2905363,1,0.011,21.81,11.98,40.47
"2023-06-21 12:25:53.6",282,0.2905363,1,0.01,21.81,11.98,40.47
"2023-06-21 12:25:53.8",283,0.2905363,1,0.011,21.81,11.98,40.47
"2023-06-21 12:25:54",284,-0.01357162,1,0.011,21.81,11.98,40.47
"2023-06-21 12:25:54.2",285,0.2905363,1,0.01,21.81,11.98,40.47
"2023-06-21 12:25:54.4",286,0.2905363,1,0.011,21.81,11.98,40.47
"2023-06-21 12:25:54.6",287,0.2905363,1,0.011,21.81,11.98,40.47
"2023-06-21 12:25:54.8",288,0.2905363,1,0.01,21.81,11.98,40.47
"2023-06-21 12:25:55",289,0.2905363,1,0.01,21.81,11.98,40.47
"2023-06-21 12:25:55.2",290,-0.01357055,1,0.011,21.81,11.99,40.47
"2023-06-21 12:25:55.4",291,0.2905363,1,0.01,21.81,11.98,40.47
"2023-06-21 12:25:55.6",292,0.5946431,1,0.01,21.81,11.98,40.47
"2023-06-21 12:25:55.8",293,-0.01357269,1,0.011,21.81,11.99,40.47
"2023-06-21 12:25:56",294,-0.3176785,1,0.01,21.81,11.98,40.47
"2023-06-21 12:25:56.2",295,0.2905363,1,0.01,21.81,11.98,40.47
"2023-06-21 12:25:56.4",296,-0.01357269,1,0.011,21.81,11.98,40.47
"2023-06-21 12:25:56.6",297,0.2905363,1,0.011,21.81,11.98,40.47
"2023-06-21 12:25:56.8",298,-0.01357162,1,0.01,21.81,11.98,40.47
"2023-06-21 12:25:57",299,-0.01357269,1,0.012,21.81,11.98,40.47
"2023-06-21 12:25:57.2",300,-0.01357162,1,0.011,21.81,11.98,40.47
"2023-06-21 12:25:57.4",301,0.2905363,1,0.01,21.81,11.98,40.47
"2023-06-21 12:25:57.6",302,-0.01357162,1,0.01,21.81,11.98,40.47
"2023-06-21 12:25:57.8",303,-0.3176785,1,0.011,21.81,11.98,40.47
"2023-06-21 12:25:58",304,-0.01357162,1,0.01,21.81,11.98,40.47
"2023-06-21 12:25:58.2",305,-0.01357269,1,0.012,21.81,11.98,40.47
"2023-06-21 12:25:58.4",306,-0.01357162,1,0.011,21.81,11.98,40.47
"2023-06-21 12:25:58.6",307,0.2905363,1,0.01,21.81,11.98,40.47
"2023-06-21 12:25:58.8",308,-0.3176785,1,0.01,21.81,11.98,40.47
"2023-06-21 12:25:59",309,-0.01357055,1,0.011,21.81,11.98,40.47
"2023-06-21 12:25:59.2",310,0.5946431,1,0.01,21.81,11.98,40.47
"2023-06-21 12:25:59.4",311,-0.01357269,1,0.012,21.81,11.99,40.47
"2023-06-21 12:25:59.6",312,0.2905363,1,0.011,21.81,11.98,40.47
"2023-06-21 12:25:59.8",313,-0.3176785,1,0.01,21.81,11.98,40.47
"2023-06-21 12:26:00",314,-0.3176785,1,0.01,21.81,11.98,40.47
"2023-06-21 12:26:00.2",315,0.2905363,1,0.011,21.81,11.98,40.47
"2023-06-21 12:26:00.4",316,0.2905363,1,0.011,21.81,11.98,40.47
"2023-06-21 12:26:00.6",317,0.2905363,1,0.01,21.81,11.98,40.47
"2023-06-21 12:26:00.8",318,-0.01357269,1,0.012,21.81,11.98,40.47
"2023-06-21 12:26:01",319,-0.3176785,1,0.011,21.81,11.98,40.47
"2023-06-21 12:26:01.2",320,-0.01357162,1,0.01,21.81,11.98,40.43
"2023-06-21 12:26:01.4",321,0.5946431,1,0.01,21.81,11.98,40.43
"2023-06-21 12:26:01.6",322,0.2905363,1,0.011,21.81,11.98,40.47
"2023-06-21 12:26:01.8",323,-0.3176785,1,0.01,21.81,11.98,40.43
"2023-06-21 12:26:02",324,-0.01357162,1,0.01,21.81,11.98,40.47
"2023-06-21 12:26:02.2",325,0.2905363,1,0.011,21.81,11.98,40.43
"2023-06-21 12:26:02.4",326,-0.3176785,1,0.01,21.81,11.98,40.43
"2023-06-21 12:26:02.6",327,-0.3176785,1,0.01,21.81,11.98,40.47
"2023-06-21 12:26:02.8",328,0.2905363,1,0.011,21.81,11.98,40.47
"2023-06-21 12:26:03",329,-0.3176785,1,0.01,21.81,11.98,40.43
"2023-06-21 12:26:03.2",330,0.2905363,1,0.01,21.81,11.98,40.43
"2023-06-21 12:26:03.4",331,-0.3176785,1,0.011,21.81,11.98,40.47
"2023-06-21 12:26:03.6",332,0.2905363,1,0.011,21.81,11.98,40.43
"2023-06-21 12:26:03.8",333,0.2905363,1,0.01,21.81,11.98,40.47
"2023-06-21 12:26:04",334,-0.3176785,1,0.011,21.81,11.98,40.43
"2023-06-21 12:26:04.2",335,-0.01357162,1,0.011,21.81,11.98,40.43
"2023-06-21 12:26:04.4",336,-0.3176785,1,0.01,21.81,11.98,40.43
"2023-06-21 12:26:04.6",337,-0.3176785,1,0.011,21.81,11.98,40.43
"2023-06-21 12:26:04.8",338,0.2905363,1,0.011,21.84,11.98,40.43
"2023-06-21 12:26:05",339,-0.3176785,1,0.01,21.84,11.98,40.43
"2023-06-21 12:26:05.2",340,-0.01357162,1,0.01,21.84,11.98,40.43
"2023-06-21 12:26:05.4",341,0.2905363,1,0.011,21.81,11.98,40.43
"2023-06-21 12:26:05.6",342,-0.3176785,1,0.01,21.84,11.98,40.43
"2023-06-21 12:26:05.8",343,-0.01357162,1,0.01,21.84,11.98,40.43
"2023-06-21 12:26:06",344,0.2905363,1,0.011,21.84,11.98,40.43
"2023-06-21 12:26:06.2",345,-0.6217864,1,0.01,21.81,11.98,40.43
"2023-06-21 12:26:06.4",346,-0.01357269,1,0.012,21.84,11.98,40.43
"2023-06-21 12:26:06.6",347,0.2905363,1,0.011,21.84,11.98,40.43
"2023-06-21 12:26:06.8",348,0.2905363,1,0.01,21.81,11.98,40.43
"2023-06-21 12:26:07",349,-0.3176785,1,0.01,21.84,11.98,40.43
"2023-06-21 12:26:07.2",350,0.2905363,1,0.011,21.81,11.98,40.43
"2023-06-21 12:26:07.4",351,-0.3176785,1,0.011,21.81,11.98,40.43
"2023-06-21 12:26:07.6",352,0.2905363,1,0.01,21.84,11.98,40.43
"2023-06-21 12:26:07.8",353,-0.01357269,1,0.012,21.84,11.98,40.43
"2023-06-21 12:26:08",354,0.2905363,1,0.011,21.81,11.98,40.43
"2023-06-21 12:26:08.2",355,-0.3176785,1,0.01,21.81,11.98,40.43
"2023-06-21 12:26:08.4",356,-0.3176785,1,0.01,21.84,11.98,40.43
"2023-06-21 12:26:08.6",357,-0.3176785,1,0.011,21.81,11.98,40.43
"2023-06-21 12:26:08.8",358,-0.01357162,1,0.01,21.84,11.98,40.43
"2023-06-21 12:26:09",359,0.2905363,1,0.01,21.81,11.98,40.43
"2023-06-21 12:26:09.2",360,-0.01357269,1,0.011,21.84,11.98,40.43
"2023-06-21 12:26:09.4",361,0.2905363,1,0.011,21.81,11.98,40.43
"2023-06-21 12:26:09.6",362,0.5946431,1,0.01,21.84,11.98,40.43
"2023-06-21 12:26:09.8",363,-0.01357269,1,0.012,21.81,11.98,40.43
"2023-06-21 12:26:10",364,-0.3176785,1,0.011,21.84,11.98,40.43
"2023-06-21 12:26:10.2",365,0.2905363,1,0.01,21.84,11.98,40.43
"2023-06-21 12:26:10.4",366,-0.3176785,1,0.01,21.84,11.98,40.43
"2023-06-21 12:26:10.6",367,-0.01357055,1,0.011,21.84,11.98,40.43
"2023-06-21 12:26:10.8",368,-0.3176785,1,0.01,21.84,11.98,40.43
"2023-06-21 12:26:11",369,-0.01357162,1,0.01,21.84,11.98,40.43
"2023-06-21 12:26:11.2",370,0.2905363,1,0.011,21.84,11.98,40.43
"2023-06-21 12:26:11.4",371,-0.3176785,1,0.01,21.84,11.98,40.43
"2023-06-21 12:26:11.6",372,-0.01357162,1,0.01,21.84,11.98,40.43
"2023-06-21 12:26:11.8",373,0.2905363,1,0.011,21.84,11.98,40.43
"2023-06-21 12:26:12",374,0.2905363,1,0.01,21.84,11.98,40.43
"2023-06-21 12:26:12.2",375,-0.01357162,1,0.01,21.84,11.98,40.43
"2023-06-21 12:26:12.4",376,-0.3176785,1,0.011,21.84,11.98,40.43
"2023-06-21 12:26:12.6",377,0.2905363,1,0.01,21.84,11.98,40.43
"2023-06-21 12:26:12.8",378,0.2905363,1,0.01,21.84,11.98,40.43
"2023-06-21 12:26:13",379,0.2905363,1,0.011,21.84,11.98,40.4
"2023-06-21 12:26:13.2",380,-0.01357162,1,0.01,21.84,11.98,40.43
"2023-06-21 12:26:13.4",381,0.2905363,1,0.01,21.84,11.98,40.4
"2023-06-21 12:26:13.6",382,0.2905363,1,0.011,21.84,11.98,40.43
"2023-06-21 12:26:13.8",383,0.2905363,1,0.011,21.84,11.98,40.4
"2023-06-21 12:26:14",384,-0.3176785,1,0.01,21.84,11.98,40.43
"2023-06-21 12:26:14.2",385,0.2905363,1,0.011,21.84,11.98,40.4
"2023-06-21 12:26:14.4",386,0.2905363,1,0.011,21.84,11.98,40.43
"2023-06-21 12:26:14.6",387,0.2905363,1,0.01,21.84,11.98,40.4
"2023-06-21 12:26:14.8",388,-0.01357162,1,0.01,21.84,11.98,40.43
"2023-06-21 12:26:15",389,-0.3176785,1,0.011,21.84,11.98,40.43
"2023-06-21 12:26:15.2",390,0.2905363,1,0.01,21.84,11.98,40.4
"2023-06-21 12:26:15.4",391,0.2905363,1,0.01,21.84,11.98,40.43
"2023-06-21 12:26:15.6",392,0.2905363,1,0.011,21.84,11.98,40.43
"2023-06-21 12:26:15.8",393,0.2905363,1,0.01,21.84,11.98,40.4
"2023-06-21 12:26:16",394,-0.3176785,1,0.01,21.84,11.98,40.4
"2023-06-21 12:26:16.2",395,-0.3176785,1,0.011,21.84,11.98,40.43
"2023-06-21 12:26:16.4",396,-0.3176785,1,0.011,21.84,11.98,40.4
"2023-06-21 12:26:16.6",397,-0.3176785,1,0.01,21.84,11.98,40.4
"2023-06-21 12:26:16.8",398,0.2905363,1,0.011,21.84,11.98,40.4
"2023-06-21 12:26:17",399,0.2905363,1,0.011,21.84,11.98,40.4
"2023-06-21 12:26:17.2",400,-0.01357162,1,0.01,21.84,11.98,40.4
"2023-06-21 12:26:17.4",401,0.2905363,1,0.011,21.84,11.98,40.4
"2023-06-21 12:26:17.6",402,-0.3176785,1,0.011,21.84,11.98,40.4
"2023-06-21 12:26:17.8",403,0.2905363,1,0.01,21.84,11.98,40.43
"2023-06-21 12:26:18",404,-0.3176785,1,0.01,21.84,11.98,40.4
"2023-06-21 12:26:18.2",405,-0.01357269,1,0.011,21.84,11.98,40.4
"2023-06-21 12:26:18.4",406,0.2905363,1,0.011,21.84,11.98,40.4
"2023-06-21 12:26:18.6",407,-0.3176785,1,0.01,21.84,11.98,40.4
"2023-06-21 12:26:18.8",408,-0.3176785,1,0.011,21.84,11.98,40.4
"2023-06-21 12:26:19",409,-0.3176785,1,0.011,21.84,11.98,40.4
"2023-06-21 12:26:19.2",410,-0.01357162,1,0.01,21.84,11.98,40.4
"2023-06-21 12:26:19.4",411,-0.01357269,1,0.012,21.84,11.98,40.4
"2023-06-21 12:26:19.6",412,-0.01357162,1,0.011,21.84,11.98,40.4
"2023-06-21 12:26:19.8",413,-0.3176785,1,0.01,21.84,11.98,40.4
"2023-06-21 12:26:20",414,-0.3176785,1,0.01,21.84,11.98,40.4
"2023-06-21 12:26:20.2",415,0.2905363,1,0.011,21.84,11.98,40.4
"2023-06-21 12:26:20.4",416,0.2905363,1,0.01,21.84,11.98,40.4
"2023-06-21 12:26:20.6",417,0.2905363,1,0.01,21.84,11.98,40.4
"2023-06-21 12:26:20.8",418,-0.01357269,1,0.011,21.84,11.98,40.4
"2023-06-21 12:26:21",419,-0.01357162,1,0.011,21.84,11.98,40.4
"2023-06-21 12:26:21.2",420,-0.01357162,1,0.01,21.84,11.98,40.4
"2023-06-21 12:26:21.4",421,0.2905363,1,0.011,21.84,11.98,40.4
"2023-06-21 12:26:21.6",422,0.2905363,1,0.011,21.84,11.98,40.4
"2023-06-21 12:26:21.8",423,0.2905363,1,0.01,21.84,11.98,40.4
"2023-06-21 12:26:22",424,0.2905363,1,0.011,21.84,11.98,40.4
"2023-06-21 12:26:22.2",425,-0.01357162,1,0.011,21.84,11.98,40.4
"2023-06-21 12:26:22.4",426,0.2905363,1,0.01,21.84,11.98,40.4
"2023-06-21 12:26:22.6",427,-0.3176785,1,0.011,21.84,11.98,40.4
"2023-06-21 12:26:22.8",428,-0.6217864,1,0.011,21.84,11.98,40.4
"2023-06-21 12:26:23",429,-0.01357162,1,0.01,21.86,11.98,40.4
"2023-06-21 12:26:23.2",430,-0.3176785,1,0.011,21.84,11.98,40.4
"2023-06-21 12:26:23.4",431,0.2905363,1,0.011,21.86,11.98,40.4
"2023-06-21 12:26:23.6",432,0.2905363,1,0.01,21.86,11.98,40.4
"2023-06-21 12:26:23.8",433,-0.01357269,1,0.012,21.86,11.98,40.4
"2023-06-21 12:26:24",434,-0.3176785,1,0.011,21.84,11.98,40.4
"2023-06-21 12:26:24.2",435,-0.3176785,1,0.01,21.86,11.98,40.4
"2023-06-21 12:26:24.4",436,0.2905363,1,0.01,21.86,11.98,40.4
"2023-06-21 12:26:24.6",437,-0.01357055,1,0.011,21.86,11.98,40.4
"2023-06-21 12:26:24.8",438,-0.3176785,1,0.01,21.84,11.98,40.4
"2023-06-21 12:26:25",439,0.2905363,1,0.01,21.84,11.98,40.4
"2023-06-21 12:26:25.2",440,-0.01357055,1,0.011,21.86,11.98,40.4
"2023-06-21 12:26:25.4",441,0.2905363,1,0.01,21.86,11.99,40.4
"2023-06-21 12:26:25.6",442,0.2905363,1,0.01,21.86,11.99,40.4
"2023-06-21 12:26:25.8",443,0.2905363,1,0.011,21.86,11.98,40.4
"2023-06-21 12:26:26",444,0.2905363,1,0.011,21.84,11.98,40.4
"2023-06-21 12:26:26.2",445,0.2905363,1,0.01,21.86,11.98,40.4
"2023-06-21 12:26:26.4",446,-0.3176785,1,0.011,21.86,11.98,40.4
"2023-06-21 12:26:26.6",447,-0.3176785,1,0.011,21.86,11.98,40.4
"2023-06-21 12:26:26.8",448,0.2905363,1,0.01,21.86,11.98,40.4
"2023-06-21 12:26:27",449,0.2905363,1,0.01,21.86,11.98,40.4
"2023-06-21 12:26:27.2",450,-0.01357269,1,0.011,21.86,11.98,40.4
"2023-06-21 12:26:27.4",451,0.2905363,1,0.011,21.86,11.98,40.4
"2023-06-21 12:26:27.6",452,0.2905363,1,0.01,21.86,11.98,40.4
"2023-06-21 12:26:27.8",453,0.2905363,1,0.011,21.86,11.98,40.4
"2023-06-21 12:26:28",454,0.5946431,1,0.011,21.86,11.98,40.4
"2023-06-21 12:26:28.2",455,0.2905363,1,0.01,21.86,11.98,40.4
"2023-06-21 12:26:28.4",456,-0.3176785,1,0.011,21.86,11.98,40.4
"2023-06-21 12:26:28.6",457,0.2905363,1,0.011,21.86,11.98,40.4
"2023-06-21 12:26:28.8",458,-0.3176785,1,0.01,21.86,11.98,40.4
"2023-06-21 12:26:29",459,0.2905363,1,0.01,21.86,11.98,40.4
"2023-06-21 12:26:29.2",460,0.2905363,1,0.011,21.86,11.99,40.4
"2023-06-21 12:26:29.4",461,0.2905363,1,0.01,21.86,11.98,40.4
"2023-06-21 12:26:29.6",462,0.5946431,1,0.01,21.86,11.98,40.4
"2023-06-21 12:26:29.8",463,-0.3176785,1,0.011,21.86,11.98,40.4
"2023-06-21 12:26:30",464,-0.3176785,1,0.01,21.86,11.98,40.4
"2023-06-21 12:26:30.2",465,-0.3176785,1,0.01,21.86,11.98,40.4
"2023-06-21 12:26:30.4",466,0.2905363,1,0.011,21.86,11.98,40.4
"2023-06-21 12:26:30.6",467,0.2905363,1,0.011,21.86,11.99,40.4
"2023-06-21 12:26:30.8",468,0.2905363,1,0.01,21.86,11.99,40.4
"2023-06-21 12:26:31",469,-0.01357055,1,0.011,21.86,11.98,40.4
"2023-06-21 12:26:31.2",470,0.5946431,1,0.01,21.86,11.98,40.4
"2023-06-21 12:26:31.4",471,0.2905363,1,0.01,21.86,11.99,40.4
"2023-06-21 12:26:31.6",472,-0.3176785,1,0.011,21.86,11.98,40.4
"2023-06-21 12:26:31.8",473,-0.3176785,1,0.011,21.86,11.98,40.4
"2023-06-21 12:26:32",474,0.2905363,1,0.01,21.86,11.98,40.4
"2023-06-21 12:26:32.2",475,-0.01357269,1,0.012,21.86,11.98,40.4
"2023-06-21 12:26:32.4",476,-0.01357162,1,0.011,21.86,11.98,40.4
"2023-06-21 12:26:32.6",477,-0.01357162,1,0.01,21.86,11.98,40.4
"2023-06-21 12:26:32.8",478,0.2905363,1,0.011,21.86,11.98,40.4
"2023-06-21 12:26:33",479,0.2905363,1,0.011,21.86,11.98,40.4
"2023-06-21 12:26:33.2",480,-0.01357162,1,0.01,21.86,11.98,40.4
"2023-06-21 12:26:33.4",481,-0.01357269,1,0.012,21.86,11.98,40.4
"2023-06-21 12:26:33.6",482,0.2905363,1,0.011,21.86,11.98,40.4
"2023-06-21 12:26:33.8",483,-0.01357162,1,0.01,21.86,11.98,40.4
"2023-06-21 12:26:34",484,0.2905363,1,0.01,21.86,11.98,40.4
"2023-06-21 12:26:34.2",485,-0.01357269,1,0.011,21.86,11.98,40.4
"2023-06-21 12:26:34.4",486,-0.3176785,1,0.011,21.86,11.98,40.4
"2023-06-21 12:26:34.6",487,-0.3176785,1,0.01,21.86,11.98,40.4
"2023-06-21 12:26:34.8",488,0.2905363,1,0.011,21.86,11.99,40.36
"2023-06-21 12:26:35",489,-0.3176785,1,0.011,21.86,11.98,40.4
"2023-06-21 12:26:35.2",490,0.2905363,1,0.01,21.86,11.98,40.4
"2023-06-21 12:26:35.4",491,-0.3176785,1,0.01,21.86,11.98,40.4
"2023-06-21 12:26:35.6",492,0.2905363,1,0.011,21.86,11.98,40.4
"2023-06-21 12:26:35.8",493,0.5946431,1,0.01,21.86,11.98,40.4
"2023-06-21 12:26:36",494,-0.3176785,1,0.01,21.86,11.98,40.4
"2023-06-21 12:26:36.2",495,-0.01357269,1,0.011,21.86,11.98,40.36
"2023-06-21 12:26:36.4",496,0.2905363,1,0.011,21.86,11.98,40.4
"2023-06-21 12:26:36.6",497,-0.3176785,1,0.01,21.86,11.98,40.4
"2023-06-21 12:26:36.8",498,0.2905363,1,0.011,21.86,11.98,40.4
"2023-06-21 12:26:37",499,-0.01357162,1,0.011,21.86,11.98,40.4
"2023-06-21 12:26:37.2",500,0.2905363,1,0.01,21.86,11.98,40.4
"2023-06-21 12:26:37.4",501,0.2905363,1,0.011,21.86,11.98,40.4
"2023-06-21 12:26:37.6",502,0.2905363,1,0.011,21.86,11.98,40.4
"2023-06-21 12:26:37.8",503,0.2905363,1,0.01,21.86,11.98,40.4
"2023-06-21 12:26:38",504,0.2905363,1,0.01,21.86,11.98,40.4
"2023-06-21 12:26:38.2",505,0.2905363,1,0.011,21.86,11.98,40.4
"2023-06-21 12:26:38.4",506,-0.01357162,1,0.01,21.86,11.98,40.4
"2023-06-21 12:26:38.6",507,0.2905363,1,0.01,21.86,11.99,40.36
"2023-06-21 12:26:38.8",508,-0.01357269,1,0.011,21.86,11.98,40.36
"2023-06-21 12:26:39",509,0.2905363,1,0.011,21.86,11.98,40.36
"2023-06-21 12:26:39.2",510,0.2905363,1,0.01,21.86,11.98,40.36
"2023-06-21 12:26:39.4",511,-0.01357269,1,0.012,21.86,11.98,40.4
"2023-06-21 12:26:39.6",512,0.2905363,1,0.011,21.86,11.98,40.36
"2023-06-21 12:26:39.8",513,1.811072,1,0.01,21.86,11.98,40.4
"2023-06-21 12:26:40",514,0.2905363,1,0.01,21.86,11.98,40.36
"2023-06-21 12:26:40.2",515,-0.3176785,1,0.011,21.86,11.98,40.36
"2023-06-21 12:26:40.4",516,-0.6217864,1,0.01,21.86,11.98,40.36
"2023-06-21 12:26:40.6",517,-0.01357162,1,0.01,21.86,11.98,40.36
"2023-06-21 12:26:40.8",518,-0.01357269,1,0.011,21.86,11.98,40.36
"2023-06-21 12:26:41",519,-0.01357162,1,0.01,21.86,11.98,40.36
"2023-06-21 12:26:41.2",520,-0.3176785,1,0.01,21.86,11.98,40.36
"2023-06-21 12:26:41.4",521,-0.01357269,1,0.011,21.86,11.98,40.4
"2023-06-21 12:26:41.6",522,0.2905363,1,0.011,21.86,11.98,40.36
"2023-06-21 12:26:41.8",523,-0.3176785,1,0.01,21.86,11.98,40.36
"2023-06-21 12:26:42",524,-0.01357269,1,0.012,21.86,11.98,40.36
"2023-06-21 12:26:42.2",525,-0.01357162,1,0.011,21.86,11.98,40.4
"2023-06-21 12:26:42.4",526,-0.3176785,1,0.01,21.86,11.98,40.36
"2023-06-21 12:26:42.6",527,0.2905363,1,0.01,21.86,11.98,40.36
"2023-06-21 12:26:42.8",528,0.2905363,1,0.011,21.86,11.98,40.36
"2023-06-21 12:26:43",529,-0.3176785,1,0.01,21.86,11.98,40.36
"2023-06-21 12:26:43.2",530,-0.3176785,1,0.01,21.86,11.99,40.36
"2023-06-21 12:26:43.4",531,-0.01357269,1,0.011,21.86,11.98,40.36
"2023-06-21 12:26:43.6",532,0.2905363,1,0.011,21.86,11.98,40.36
"2023-06-21 12:26:43.8",533,0.2905363,1,0.01,21.86,11.98,40.36
"2023-06-21 12:26:44",534,-0.3176785,1,0.01,21.86,11.98,40.36
"2023-06-21 12:26:44.2",535,-0.3176742,1,0.011,21.86,11.98,40.36
"2023-06-21 12:26:44.4",536,-0.3176742,1,0.01,21.86,11.98,40.36
"2023-06-21 12:26:44.6",537,0.2905416,1,0.01,21.86,11.98,40.36
"2023-06-21 12:26:44.8",538,0.2905416,1,0.011,21.86,11.98,40.36
"2023-06-21 12:26:45",539,-0.01356626,1,0.01,21.86,11.98,40.36
"2023-06-21 12:26:45.2",540,0.2905416,1,0.01,21.86,11.98,40.36
"2023-06-21 12:26:45.4",541,-0.0135684,1,0.011,21.86,11.98,40.36
"2023-06-21 12:26:45.6",542,-0.01356626,1,0.011,21.86,11.98,40.36
"2023-06-21 12:26:45.8",543,-0.01356626,1,0.01,21.86,11.98,40.36
"2023-06-21 12:26:46",544,-0.0135684,1,0.011,21.86,11.98,40.36
"2023-06-21 12:26:46.2",545,-0.3176742,1,0.011,21.89,11.99,40.36
"2023-06-21 12:26:46.4",546,0.2905416,1,0.01,21.89,11.98,40.36
"2023-06-21 12:26:46.6",547,0.2905416,1,0.01,21.86,11.98,40.36
"2023-06-21 12:26:46.8",548,0.2905416,1,0.011,21.89,11.98,40.36
"2023-06-21 12:26:47",549,-0.01356626,1,0.01,21.86,11.98,40.36
"2023-06-21 12:26:47.2",550,0.2905416,1,0.01,21.89,11.98,40.36
"2023-06-21 12:26:47.4",551,0.2905416,1,0.011,21.86,11.98,40.36
"2023-06-21 12:26:47.6",552,-0.3176742,1,0.01,21.86,11.98,40.36
"2023-06-21 12:26:47.8",553,0.2905416,1,0.01,21.86,11.98,40.36
"2023-06-21 12:26:48",554,0.2905416,1,0.011,21.89,11.98,40.36
"2023-06-21 12:26:48.2",555,-0.01356626,1,0.01,21.86,11.98,40.36
"2023-06-21 12:26:48.4",556,-0.3176742,1,0.01,21.89,11.98,40.36
"2023-06-21 12:26:48.6",557,0.2905416,1,0.011,21.86,11.99,40.36
"2023-06-21 12:26:48.8",558,-0.01356626,1,0.01,21.89,11.99,40.36
"2023-06-21 12:26:49",559,0.2905416,1,0.01,21.89,11.98,40.36
"2023-06-21 12:26:49.2",560,-0.0135684,1,0.011,21.89,11.98,40.36
"2023-06-21 12:26:49.4",561,-0.3176742,1,0.011,21.86,11.98,40.36
"2023-06-21 12:26:49.6",562,-0.01356626,1,0.01,21.89,11.98,40.36
"2023-06-21 12:26:49.8",563,0.2905416,1,0.011,21.89,11.98,40.36
"2023-06-21 12:26:50",564,-0.01356626,1,0.011,21.89,11.98,40.36
"2023-06-21 12:26:50.2",565,-0.3176742,1,0.01,21.89,11.98,40.36
"2023-06-21 12:26:50.4",566,0.2905416,1,0.011,21.89,11.98,40.36
"2023-06-21 12:26:50.6",567,0.2905416,1,0.011,21.89,11.98,40.36
"2023-06-21 12:26:50.8",568,-0.3176742,1,0.01,21.89,11.98,40.36
"2023-06-21 12:26:51",569,-0.01356626,1,0.01,21.89,11.98,40.36
"2023-06-21 12:26:51.2",570,-0.01356626,1,0.011,21.89,11.98,40.36
"2023-06-21 12:26:51.4",571,-0.3176742,1,0.01,21.89,11.98,40.36
"2023-06-21 12:26:51.6",572,-0.3176742,1,0.011,21.89,11.98,40.36
"2023-06-21 12:26:51.8",573,0.2905416,1,0.011,21.89,11.98,40.36
"2023-06-21 12:26:52",574,-0.6217821,1,0.01,21.89,11.98,40.36
"2023-06-21 12:26:52.2",575,-0.3176742,1,0.011,21.89,11.98,40.36
"2023-06-21 12:26:52.4",576,0.2905416,1,0.011,21.89,11.99,40.36
"2023-06-21 12:26:52.6",577,0.2905416,1,0.01,21.89,11.98,40.36
"2023-06-21 12:26:52.8",578,0.2905416,1,0.01,21.89,11.98,40.36
"2023-06-21 12:26:53",579,-0.01356626,1,0.011,21.89,11.98,40.36
"2023-06-21 12:26:53.2",580,0.2905416,1,0.01,21.89,11.98,40.36
"2023-06-21 12:26:53.4",581,0.2905416,1,0.01,21.89,11.99,40.36
"2023-06-21 12:26:53.6",582,-0.01356626,1,0.011,21.89,11.98,40.36
"2023-06-21 12:26:53.8",583,-0.01356626,1,0.01,21.89,11.98,40.36
"2023-06-21 12:26:54",584,-0.0135684,1,0.012,21.89,11.98,40.36
"2023-06-21 12:26:54.2",585,-0.6217821,1,0.011,21.89,11.98,40.36
"2023-06-21 12:26:54.4",586,-0.3176742,1,0.01,21.89,11.98,40.36
"2023-06-21 12:26:54.6",587,-0.3176742,1,0.01,21.89,11.98,40.36
"2023-06-21 12:26:54.8",588,-0.3176742,1,0.011,21.89,11.98,40.33
"2023-06-21 12:26:55",589,0.2905416,1,0.01,21.89,11.98,40.36
"2023-06-21 12:26:55.2",590,0.2905416,1,0.01,21.89,11.98,40.36
"2023-06-21 12:26:55.4",591,-0.0135684,1,0.011,21.89,11.98,40.36
"2023-06-21 12:26:55.6",592,-0.3176742,1,0.011,21.89,11.98,40.36
"2023-06-21 12:26:55.8",593,0.5946496,1,0.01,21.89,11.98,40.36
"2023-06-21 12:26:56",594,0.2905416,1,0.011,21.89,11.98,40.36
"2023-06-21 12:26:56.2",595,-0.01356626,1,0.011,21.89,11.98,40.36
"2023-06-21 12:26:56.4",596,-0.3176742,1,0.01,21.89,11.98,40.33
"2023-06-21 12:26:56.6",597,-0.0135684,1,0.012,21.89,11.98,40.36
"2023-06-21 12:26:56.8",598,-0.3176742,1,0.011,21.89,11.98,40.36
"2023-06-21 12:26:57",599,-0.3176742,1,0.01,21.89,11.98,40.36
"2023-06-21 12:26:57.2",600,-0.3176742,1,0.01,21.89,11.98,40.36
"2023-06-21 12:26:57.4",601,-0.3176742,1,0.011,21.89,11.98,40.33
"2023-06-21 12:26:57.6",602,-0.01356626,1,0.01,21.89,11.99,40.36
"2023-06-21 12:26:57.8",603,-0.3176742,1,0.01,21.89,11.98,40.33
"2023-06-21 12:26:58",604,-0.3176742,1,0.011,21.89,11.98,40.36
"2023-06-21 12:26:58.2",605,0.2905416,1,0.011,21.89,11.99,40.36
"2023-06-21 12:26:58.4",606,-0.01356626,1,0.01,21.89,11.98,40.36
"2023-06-21 12:26:58.6",607,-0.0135684,1,0.011,21.89,11.98,40.33
"2023-06-21 12:26:58.8",608,-0.01356626,1,0.011,21.89,11.98,40.33
"2023-06-21 12:26:59",609,-0.3176742,1,0.01,21.89,11.98,40.36
"2023-06-21 12:26:59.2",610,0.2905416,1,0.011,21.89,11.98,40.36
"2023-06-21 12:26:59.4",611,-0.01356626,1,0.011,21.89,11.98,40.33
"2023-06-21 12:26:59.6",612,0.2905416,1,0.01,21.89,11.98,40.36
"2023-06-21 12:26:59.8",613,-0.3176742,1,0.011,21.89,11.98,40.36
"2023-06-21 12:27:00",614,-0.3176742,1,0.011,21.89,11.98,40.36
"2023-06-21 12:27:00.2",615,-0.3176742,1,0.01,21.89,11.98,40.33
"2023-06-21 12:27:00.4",616,-0.3176742,1,0.01,21.89,11.98,40.36
"2023-06-21 12:27:00.6",617,-0.3176742,1,0.011,21.89,11.98,40.33
"2023-06-21 12:27:00.8",618,-0.3176742,1,0.01,21.89,11.98,40.33
"2023-06-21 12:27:01",619,-0.3176742,1,0.01,21.89,11.98,40.33
"2023-06-21 12:27:01.2",620,0.2905416,1,0.011,21.89,11.98,40.33
"2023-06-21 12:27:01.4",621,0.2905416,1,0.011,21.89,11.98,40.33
"2023-06-21 12:27:01.6",622,-0.01356626,1,0.01,21.89,13.09,40.33
"2023-06-21 12:27:01.8",623,-0.0135684,1,0.011,21.89,11.98,40.33
"2023-06-21 12:27:02",624,0.2905416,1,0.011,21.89,22.5,40.33
"2023-06-21 12:27:02.2",625,-0.01356626,1,0.01,21.89,11.98,40.33
"2023-06-21 12:27:02.4",626,0.2905416,1,0.011,21.89,11.98,40.33
"2023-06-21 12:27:02.6",627,-0.3176742,1,0.011,21.89,11.98,40.33
"2023-06-21 12:27:02.8",628,-0.3176742,1,0.01,21.89,11.98,40.33
"2023-06-21 12:27:03",629,-0.3176742,1,0.01,21.89,11.98,40.33
"2023-06-21 12:27:03.2",630,-0.0135684,1,0.011,21.89,11.98,40.33
"2023-06-21 12:27:03.4",631,0.2905416,1,0.011,21.89,11.98,40.33
"2023-06-21 12:27:03.6",632,-0.3176742,1,0.01,21.89,11.98,40.33
"2023-06-21 12:27:03.8",633,0.2905416,1,0.011,21.89,11.98,40.33
"2023-06-21 12:27:04",634,0.2905416,1,0.011,21.89,11.98,40.33
"2023-06-21 12:27:04.2",635,-0.01356626,1,0.01,21.89,11.98,40.33
"2023-06-21 12:27:04.4",636,0.2905416,1,0.011,21.89,11.98,40.33
"2023-06-21 12:27:04.6",637,0.2905416,1,0.011,21.92,11.98,40.33
"2023-06-21 12:27:04.8",638,-0.3176742,1,0.01,21.89,11.98,40.33
"2023-06-21 12:27:05",639,0.2905416,1,0.01,21.89,11.98,40.33
"2023-06-21 12:27:05.2",640,-0.3176742,1,0.011,21.89,11.98,40.33
"2023-06-21 12:27:05.4",641,-0.3176742,1,0.01,21.92,11.98,40.33
"2023-06-21 12:27:05.6",642,-0.3176742,1,0.01,21.92,11.98,40.33
"2023-06-21 12:27:05.8",643,-0.3176742,1,0.011,21.89,11.98,40.33
"2023-06-21 12:27:06",644,0.2905416,1,0.011,21.92,11.98,40.33
"2023-06-21 12:27:06.2",645,0.2905416,1,0.01,21.92,11.99,40.33
"2023-06-21 12:27:06.4",646,-0.0135684,1,0.012,21.89,11.99,40.33
"2023-06-21 12:27:06.6",647,-0.01356626,1,0.011,21.92,11.98,40.33
"2023-06-21 12:27:06.8",648,-0.3176742,1,0.01,21.89,11.98,40.33
"2023-06-21 12:27:07",649,0.2905416,1,0.01,21.92,11.98,40.33
"2023-06-21 12:27:07.2",650,-0.3176742,1,0.011,21.92,11.98,40.33
"2023-06-21 12:27:07.4",651,-0.3176742,1,0.01,21.92,11.99,40.33
"2023-06-21 12:27:07.6",652,-0.6217821,1,0.01,21.92,11.98,40.33
"2023-06-21 12:27:07.8",653,-0.3176742,1,0.011,21.92,11.98,40.33
"2023-06-21 12:27:08",654,0.2905416,1,0.01,21.92,11.98,40.33
"2023-06-21 12:27:08.2",655,0.2905416,1,0.01,21.92,11.98,40.33
"2023-06-21 12:27:08.4",656,-0.01356626,1,0.011,21.92,11.98,40.33
"2023-06-21 12:27:08.6",657,0.2905416,1,0.01,21.92,11.98,40.33
"2023-06-21 12:27:08.8",658,-0.3176742,1,0.01,21.92,11.98,40.33
"2023-06-21 12:27:09",659,0.2905416,1,0.011,21.92,11.98,40.33
"2023-06-21 12:27:09.2",660,-0.01356626,1,0.01,21.92,11.98,40.33
"2023-06-21 12:27:09.4",661,-0.01356626,1,0.01,21.92,11.98,40.33
"2023-06-21 12:27:09.6",662,-0.0135684,1,0.011,21.92,11.98,40.33
"2023-06-21 12:27:09.8",663,-0.3176742,1,0.011,21.92,11.98,40.33
"2023-06-21 12:27:10",664,-0.01356626,1,0.01,21.92,11.98,40.33
"2023-06-21 12:27:10.2",665,-0.3176742,1,0.011,21.92,11.98,40.33
"2023-06-21 12:27:10.4",666,0.2905416,1,0.011,21.92,11.98,40.33
"2023-06-21 12:27:10.6",667,-0.3176742,1,0.01,21.92,11.98,40.33
"2023-06-21 12:27:10.8",668,0.2905416,1,0.011,21.92,11.98,40.33
"2023-06-21 12:27:11",669,-0.3176742,1,0.011,21.92,11.98,40.33
"2023-06-21 12:27:11.2",670,-0.3176742,1,0.01,21.92,11.98,40.33
"2023-06-21 12:27:11.4",671,0.2905416,1,0.01,21.92,11.98,40.33
"2023-06-21 12:27:11.6",672,-0.0135684,1,0.011,21.92,11.98,40.33
"2023-06-21 12:27:11.8",673,-0.01356626,1,0.01,21.92,11.98,40.33
"2023-06-21 12:27:12",674,-0.3176742,1,0.01,21.92,11.98,40.33
"2023-06-21 12:27:12.2",675,-0.3176742,1,0.011,21.92,11.98,40.33
"2023-06-21 12:27:12.4",676,0.2905416,1,0.011,21.92,11.98,40.33
"2023-06-21 12:27:12.6",677,0.2905416,1,0.01,21.92,11.98,40.33
"2023-06-21 12:27:12.8",678,0.2905416,1,0.011,21.92,11.98,40.33
"2023-06-21 12:27:13",679,0.2905416,1,0.011,21.92,11.98,40.33
"2023-06-21 12:27:13.2",680,-0.01356626,1,0.01,21.92,11.98,40.33
"2023-06-21 12:27:13.4",681,0.2905416,1,0.011,21.92,11.98,40.33
"2023-06-21 12:27:13.6",682,-0.3176742,1,0.011,21.92,11.98,40.33
"2023-06-21 12:27:13.8",683,-0.3176742,1,0.01,21.92,11.98,40.33
"2023-06-21 12:27:14",684,-0.3176742,1,0.01,21.92,11.98,40.33
"2023-06-21 12:27:14.2",685,-0.0135684,1,0.011,21.92,11.98,40.33
"2023-06-21 12:27:14.4",686,-0.3176742,1,0.011,21.92,11.98,40.33
"2023-06-21 12:27:14.6",687,0.2905416,1,0.01,21.92,11.98,40.33
"2023-06-21 12:27:14.8",688,0.2905416,1,0.011,21.92,11.98,40.33
"2023-06-21 12:27:15",689,-0.01356626,1,0.011,21.92,11.98,40.33
"2023-06-21 12:27:15.2",690,-0.01356626,1,0.01,21.92,11.98,40.33
"2023-06-21 12:27:15.4",691,-0.0135684,1,0.011,21.92,11.98,40.33
"2023-06-21 12:27:15.6",692,0.2905416,1,0.011,21.92,11.98,40.33
"2023-06-21 12:27:15.8",693,-0.01356626,1,0.01,21.92,11.98,40.33
"2023-06-21 12:27:16",694,-0.0135684,1,0.012,21.92,11.98,40.33
"2023-06-21 12:27:16.2",695,0.2905416,1,0.011,21.92,11.98,40.33
"2023-06-21 12:27:16.4",696,-0.3176742,1,0.01,21.92,11.98,40.33
"2023-06-21 12:27:16.6",697,0.2905416,1,0.01,21.92,11.98,40.33
"2023-06-21 12:27:16.8",698,-0.3176742,1,0.011,21.92,11.98,40.33
"2023-06-21 12:27:17",699,0.2905416,1,0.011,21.92,11.98,40.33
"2023-06-21 12:27:17.2",700,-0.3176742,1,0.01,21.92,11.98,40.33
"2023-06-21 12:27:17.4",701,0.2905416,1,0.011,21.92,11.98,40.33
"2023-06-21 12:27:17.6",702,-0.01356626,1,0.011,21.92,11.98,40.33
"2023-06-21 12:27:17.8",703,0.2905416,1,0.01,21.92,11.98,40.33
"2023-06-21 12:27:18",704,0.2905416,1,0.011,21.92,11.98,40.33
"2023-06-21 12:27:18.2",705,-0.01356626,1,0.011,21.92,11.98,40.33
"2023-06-21 12:27:18.4",706,-0.01356626,1,0.01,21.92,11.98,40.33
"2023-06-21 12:27:18.6",707,-0.0135684,1,0.011,21.92,11.98,40.33
"2023-06-21 12:27:18.8",708,-0.3176742,1,0.011,21.92,11.98,40.33
"2023-06-21 12:27:19",709,-0.01356626,1,0.01,21.92,11.98,40.33
"2023-06-21 12:27:19.2",710,-0.3176742,1,0.011,21.92,11.98,40.33
"2023-06-21 12:27:19.4",711,0.2905416,1,0.011,21.92,11.98,40.33
"2023-06-21 12:27:19.6",712,-0.3176742,1,0.01,21.92,11.98,40.3
"2023-06-21 12:27:19.8",713,0.5946496,1,0.01,21.92,11.98,40.33
"2023-06-21 12:27:20",714,-0.0135684,1,0.011,21.92,11.98,40.33
"2023-06-21 12:27:20.2",715,-0.3176742,1,0.01,21.92,11.98,40.33
"2023-06-21 12:27:20.4",716,-0.3176742,1,0.01,21.92,11.98,40.3
"2023-06-21 12:27:20.6",717,-0.0135684,1,0.011,21.92,11.98,40.33
"2023-06-21 12:27:20.8",718,-0.01356626,1,0.011,21.92,11.98,40.33
"2023-06-21 12:27:21",719,-0.01356626,1,0.01,21.92,11.98,40.33
"2023-06-21 12:27:21.2",720,0.2905416,1,0.011,21.92,11.98,40.33
"2023-06-21 12:27:21.4",721,0.2905416,1,0.011,21.92,11.99,40.33
"2023-06-21 12:27:21.6",722,-0.3176742,1,0.01,21.92,11.98,40.3
"2023-06-21 12:27:21.8",723,0.2905416,1,0.011,21.92,11.98,40.33
"2023-06-21 12:27:22",724,-0.3176742,1,0.011,21.92,11.98,40.33
"2023-06-21 12:27:22.2",725,0.2905416,1,0.01,21.92,11.98,40.33
"2023-06-21 12:27:22.4",726,0.2905416,1,0.01,21.92,11.98,40.3
"2023-06-21 12:27:22.6",727,-0.3176742,1,0.011,21.92,11.98,40.33
"2023-06-21 12:27:22.8",728,-0.3176742,1,0.01,21.92,11.98,40.3
"2023-06-21 12:27:23",729,-0.3176742,1,0.01,21.92,11.98,40.33
"2023-06-21 12:27:23.2",730,0.2905416,1,0.011,21.92,11.98,40.3
"2023-06-21 12:27:23.4",731,-0.01356626,1,0.01,21.92,11.98,40.33
"2023-06-21 12:27:23.6",732,-0.3176742,1,0.01,21.92,11.98,40.3
"2023-06-21 12:27:23.8",733,-0.3176742,1,0.011,21.92,11.98,40.33
"2023-06-21 12:27:24",734,-0.01356626,1,0.01,21.92,11.98,40.33
"2023-06-21 12:27:24.2",735,0.2905416,1,0.01,21.92,11.98,40.3
"2023-06-21 12:27:24.4",736,-0.0135684,1,0.011,21.92,11.98,40.33
"2023-06-21 12:27:24.6",737,-0.3176742,1,0.011,21.92,11.98,40.3
"2023-06-21 12:27:24.8",738,-0.3176742,1,0.01,21.92,11.98,40.33
"2023-06-21 12:27:25",739,0.2905416,1,0.01,21.92,11.98,40.33
"2023-06-21 12:27:25.2",740,0.2905416,1,0.011,21.92,11.98,40.33
"2023-06-21 12:27:25.4",741,0.2905416,1,0.01,21.92,11.98,40.33
"2023-06-21 12:27:25.6",742,-0.3176742,1,0.01,21.92,11.98,40.33
"2023-06-21 12:27:25.8",743,0.2905416,1,0.011,21.92,11.98,40.3
"2023-06-21 12:27:26",744,-0.3176742,1,0.011,21.92,11.98,40.33
"2023-06-21 12:27:26.2",745,0.2905416,1,0.01,21.92,11.98,40.3
"2023-06-21 12:27:26.4",746,-0.0135684,1,0.012,21.92,11.98,40.33
"2023-06-21 12:27:26.6",747,-0.3176742,1,0.011,21.92,11.98,40.33
"2023-06-21 12:27:26.8",748,-0.01356626,1,0.01,21.92,11.98,40.33
"2023-06-21 12:27:27",749,0.2905416,1,0.01,21.92,11.98,40.3
"2023-06-21 12:27:27.2",750,0.2905416,1,0.011,21.92,11.98,40.3
"2023-06-21 12:27:27.4",751,0.2905416,1,0.01,21.92,11.98,40.3
"2023-06-21 12:27:27.6",752,-0.3176742,1,0.01,21.92,11.98,40.3
"2023-06-21 12:27:27.8",753,-0.3176742,1,0.011,21.92,11.98,40.3
"2023-06-21 12:27:28",754,0.2905416,1,0.011,21.92,11.98,40.3
"2023-06-21 12:27:28.2",755,0.2905416,1,0.01,21.92,11.98,40.3
"2023-06-21 12:27:28.4",756,-0.0135684,1,0.012,21.92,11.98,40.33
"2023-06-21 12:27:28.6",757,0.2905416,1,0.011,21.92,11.98,40.3
"2023-06-21 12:27:28.8",758,-0.3176742,1,0.01,21.95,11.98,40.3
"2023-06-21 12:27:29",759,-0.3176742,1,0.01,21.92,11.98,40.3
"2023-06-21 12:27:29.2",760,-0.0135684,1,0.011,21.92,11.98,40.3
"2023-06-21 12:27:29.4",761,-0.3176742,1,0.011,21.95,11.98,40.3
"2023-06-21 12:27:29.6",762,0.2905416,1,0.01,21.92,11.98,40.3
"2023-06-21 12:27:29.8",763,-0.3176742,1,0.01,21.95,11.98,40.3
"2023-06-21 12:27:30",764,-0.3176742,1,0.011,21.92,11.98,40.3
"2023-06-21 12:27:30.2",765,-0.3176742,1,0.01,21.92,11.98,40.3
"2023-06-21 12:27:30.4",766,0.2905416,1,0.01,21.92,11.98,40.3
"2023-06-21 12:27:30.6",767,-0.3176742,1,0.011,21.92,11.98,40.3
"2023-06-21 12:27:30.8",768,0.2905416,1,0.011,21.95,11.98,40.3
"2023-06-21 12:27:31",769,0.2905416,1,0.01,21.95,11.98,40.3
"2023-06-21 12:27:31.2",770,0.2905416,1,0.011,21.95,11.98,40.3
"2023-06-21 12:27:31.4",771,0.2905416,1,0.011,21.92,11.98,40.3
"2023-06-21 12:27:31.6",772,0.2905416,1,0.01,21.95,11.98,40.3
"2023-06-21 12:27:31.8",773,-0.01356626,1,0.01,21.92,11.98,40.3
"2023-06-21 12:27:32",774,-0.0135684,1,0.011,21.95,11.98,40.3
"2023-06-21 12:27:32.2",775,-0.01356626,1,0.01,21.95,11.98,40.3
"2023-06-21 12:27:32.4",776,0.2905416,1,0.01,21.92,11.98,40.3
"2023-06-21 12:27:32.6",777,0.2905416,1,0.011,21.92,11.98,40.3
"2023-06-21 12:27:32.8",778,0.2905416,1,0.01,21.92,11.98,40.3
"2023-06-21 12:27:33",779,-0.3176742,1,0.01,21.95,11.98,40.3
"2023-06-21 12:27:33.2",780,-0.3176742,1,0.011,21.92,11.98,40.3
"2023-06-21 12:27:33.4",781,0.2905416,1,0.011,21.95,11.98,40.3
"2023-06-21 12:27:33.6",782,0.5946496,1,0.01,21.92,11.98,40.3
"2023-06-21 12:27:33.8",783,0.2905416,1,0.011,21.92,11.98,40.3
"2023-06-21 12:27:34",784,-0.3176742,1,0.011,21.95,11.98,40.3
"2023-06-21 12:27:34.2",785,0.2905416,1,0.01,21.92,11.98,40.3
"2023-06-21 12:27:34.4",786,0.2905416,1,0.011,21.95,11.98,40.3
"2023-06-21 12:27:34.6",787,0.2905416,1,0.011,21.95,11.98,40.3
"2023-06-21 12:27:34.8",788,-0.3176742,1,0.01,21.92,11.98,40.3
"2023-06-21 12:27:35",789,-0.3176742,1,0.01,21.92,11.98,40.3
"2023-06-21 12:27:35.2",790,0.2905416,1,0.011,21.95,11.98,40.3
"2023-06-21 12:27:35.4",791,0.2905416,1,0.011,21.95,11.98,40.3
"2023-06-21 12:27:35.6",792,-0.01356626,1,0.01,21.95,11.98,40.3
"2023-06-21 12:27:35.8",793,0.2905416,1,0.011,21.95,11.98,40.3
"2023-06-21 12:27:36",794,0.2905416,1,0.011,21.95,11.98,40.3
"2023-06-21 12:27:36.2",795,0.2905459,1,0.01,21.95,11.98,40.3
"2023-06-21 12:27:36.4",796,0.2905459,1,0.011,21.95,11.98,40.3
"2023-06-21 12:27:36.6",797,-0.01356304,1,0.011,21.95,11.98,40.3
"2023-06-21 12:27:36.8",798,-0.01356304,1,0.01,21.95,11.98,40.3
"2023-06-21 12:27:37",799,-0.01356196,1,0.011,21.95,11.98,40.3
"2023-06-21 12:27:37.2",800,-0.01356304,1,0.011,21.95,11.98,40.3
"2023-06-21 12:27:37.4",801,-0.01356304,1,0.01,21.95,11.98,40.3
"2023-06-21 12:27:37.6",802,0.2905459,1,0.011,21.95,11.98,40.3
"2023-06-21 12:27:37.8",803,-0.01356304,1,0.01,21.95,11.98,40.3
"2023-06-21 12:27:38",804,0.2905459,1,0.01,21.95,11.98,40.3
"2023-06-21 12:27:38.2",805,-0.01356196,1,0.011,21.95,11.98,40.3
"2023-06-21 12:27:38.4",806,-0.3176731,1,0.011,21.95,11.98,40.26
"2023-06-21 12:27:38.6",807,-0.01356304,1,0.01,21.95,11.98,40.3
"2023-06-21 12:27:38.8",808,0.2905459,1,0.011,21.95,11.98,40.3
"2023-06-21 12:27:39",809,0.2905459,1,0.011,21.95,11.98,40.3
"2023-06-21 12:27:39.2",810,-0.3176731,1,0.01,21.95,11.98,40.3
"2023-06-21 12:27:39.4",811,-0.01356196,1,0.012,21.95,11.98,40.3
"2023-06-21 12:27:39.6",812,0.2905459,1,0.011,21.95,11.98,40.3
"2023-06-21 12:27:39.8",813,-0.01356304,1,0.01,21.95,11.98,40.3
"2023-06-21 12:27:40",814,-0.01356304,1,0.01,21.95,11.98,40.3
"2023-06-21 12:27:40.2",815,-0.317672,1,0.011,21.95,11.98,40.3
"2023-06-21 12:27:40.4",816,0.2905459,1,0.01,21.95,11.98,40.26
"2023-06-21 12:27:40.6",817,0.2905459,1,0.01,21.95,11.98,40.3
"2023-06-21 12:27:40.8",818,0.2905459,1,0.011,21.95,11.98,40.3
"2023-06-21 12:27:41",819,-0.3176731,1,0.011,21.95,11.98,40.3
"2023-06-21 12:27:41.2",820,0.2905459,1,0.01,21.95,11.98,40.3
"2023-06-21 12:27:41.4",821,0.2905459,1,0.011,21.95,11.98,40.3
"2023-06-21 12:27:41.6",822,-0.01356304,1,0.011,21.95,11.98,40.3
"2023-06-21 12:27:41.8",823,-0.3176731,1,0.01,21.95,11.98,40.26
"2023-06-21 12:27:42",824,-0.01356196,1,0.011,21.95,11.98,40.3
"2023-06-21 12:27:42.2",825,0.2905459,1,0.011,21.95,11.98,40.3
"2023-06-21 12:27:42.4",826,0.2905459,1,0.01,21.95,11.98,40.3
"2023-06-21 12:27:42.6",827,0.2905459,1,0.01,21.95,11.98,40.3
"2023-06-21 12:27:42.8",828,0.2905459,1,0.011,21.95,11.98,40.3
"2023-06-21 12:27:43",829,-0.3176731,1,0.011,21.95,11.98,40.3
"2023-06-21 12:27:43.2",830,-0.3176731,1,0.01,21.95,11.98,40.3
"2023-06-21 12:27:43.4",831,-0.01356196,1,0.011,21.95,11.98,40.3
"2023-06-21 12:27:43.6",832,0.2905459,1,0.011,21.95,11.98,40.26
"2023-06-21 12:27:43.8",833,0.2905459,1,0.01,21.95,11.98,40.26
"2023-06-21 12:27:44",834,-0.3176731,1,0.01,21.95,11.98,40.26
"2023-06-21 12:27:44.2",835,-0.01356196,1,0.011,21.95,11.98,40.26
"2023-06-21 12:27:44.4",836,0.2905459,1,0.011,21.95,11.98,40.26
"2023-06-21 12:27:44.6",837,-0.3176731,1,0.01,21.95,11.98,40.26
"2023-06-21 12:27:44.8",838,-0.01356196,1,0.012,21.95,11.98,40.26
"2023-06-21 12:27:45",839,0.2905459,1,0.011,21.95,11.98,40.26
"2023-06-21 12:27:45.2",840,-0.6217821,1,0.01,21.95,11.98,40.26
"2023-06-21 12:27:45.4",841,0.2905459,1,0.01,21.95,11.99,40.3
"2023-06-21 12:27:45.6",842,0.2905459,1,0.011,21.95,11.98,40.3
"2023-06-21 12:27:45.8",843,0.2905459,1,0.011,21.95,11.98,40.26
"2023-06-21 12:27:46",844,0.2905459,1,0.01,21.95,11.98,40.26
"2023-06-21 12:27:46.2",845,-0.317672,1,0.011,21.95,11.98,40.26
"2023-06-21 12:27:46.4",846,-0.3176731,1,0.011,21.95,11.98,40.3
"2023-06-21 12:27:46.6",847,0.2905459,1,0.01,21.95,11.98,40.26
"2023-06-21 12:27:46.8",848,-0.317672,1,0.011,21.95,11.98,40.26
"2023-06-21 12:27:47",849,-0.01356304,1,0.011,21.95,11.98,40.26
"2023-06-21 12:27:47.2",850,-0.3176731,1,0.01,21.95,11.98,40.26
"2023-06-21 12:27:47.4",851,0.2905459,1,0.011,21.95,11.98,40.26
"2023-06-21 12:27:47.6",852,-0.01356304,1,0.011,21.95,11.98,40.26
"2023-06-21 12:27:47.8",853,0.2905459,1,0.01,21.95,11.98,40.3
"2023-06-21 12:27:48",854,0.2905459,1,0.011,21.95,11.98,40.26
"2023-06-21 12:27:48.2",855,0.2905459,1,0.011,21.95,11.98,40.26
"2023-06-21 12:27:48.4",856,0.2905459,1,0.01,21.95,11.98,40.26
"2023-06-21 12:27:48.6",857,0.2905459,1,0.01,21.95,11.98,40.26
"2023-06-21 12:27:48.8",858,0.2905459,1,0.011,21.95,11.98,40.26
"2023-06-21 12:27:49",859,0.2905459,1,0.011,21.95,11.98,40.26
"2023-06-21 12:27:49.2",860,0.2905459,1,0.01,21.95,11.98,40.26
"2023-06-21 12:27:49.4",861,0.2905459,1,0.011,21.95,11.98,40.26
"2023-06-21 12:27:49.6",862,-0.3176731,1,0.011,21.95,11.98,40.26
"2023-06-21 12:27:49.8",863,-0.01356304,1,0.01,21.97,11.98,40.26
"2023-06-21 12:27:50",864,-0.317672,1,0.011,21.97,11.98,40.26
"2023-06-21 12:27:50.2",865,0.2905459,1,0.011,21.95,11.98,40.26
"2023-06-21 12:27:50.4",866,0.2905459,1,0.01,21.97,11.98,40.26
"2023-06-21 12:27:50.6",867,-0.01356196,1,0.012,21.97,11.98,40.26
"2023-06-21 12:27:50.8",868,0.2905459,1,0.011,21.97,11.98,40.26
"2023-06-21 12:27:51",869,0.2905459,1,0.011,21.95,11.98,40.26
"2023-06-21 12:27:51.2",870,-0.3176731,1,0.01,21.97,11.98,40.26
"2023-06-21 12:27:51.4",871,-0.01356196,1,0.011,21.97,11.98,40.26
"2023-06-21 12:27:51.6",872,-0.3176731,1,0.011,21.97,11.98,40.26
"2023-06-21 12:27:51.8",873,-0.3176731,1,0.01,21.95,11.98,40.26
"2023-06-21 12:27:52",874,-0.3176731,1,0.01,21.97,11.98,40.26
"2023-06-21 12:27:52.2",875,-0.01356196,1,0.011,21.95,11.98,40.26
"2023-06-21 12:27:52.4",876,-0.01356304,1,0.011,21.97,11.98,40.26
"2023-06-21 12:27:52.6",877,-0.3176731,1,0.01,21.97,11.98,40.26
"2023-06-21 12:27:52.8",878,-0.01356196,1,0.011,21.97,11.98,40.26
"2023-06-21 12:27:53",879,0.2905459,1,0.011,21.97,11.98,40.26
"2023-06-21 12:27:53.2",880,0.2905459,1,0.01,21.95,11.98,40.26
"2023-06-21 12:27:53.4",881,0.594656,1,0.01,21.97,11.98,40.26
"2023-06-21 12:27:53.6",882,-0.317672,1,0.011,21.97,11.98,40.26
