"TOA5","CS110","CR1000","93710","CR1000.Std.32.04","CPU:CS110_1675_5Hz.cr1","8341","Tab"
"TIMESTAMP","RECORD","E_field","status","leakage_cur","panel_temp","battery_volt","internal_RH"
"TS","RN","volts/m","","nA","DegC","V","%"
"","","Smp","Smp","Smp","Smp","Smp","Smp"
"2023-06-20 10:44:51",1283,-0.3371122,1,0.01,21.26,11.98,40.53
"2023-06-20 10:44:51.2",1284,0.2711091,1,0.011,21.26,11.98,40.53
"2023-06-20 10:44:51.4",1285,-0.3371122,1,0.011,21.29,11.98,40.53
"2023-06-20 10:44:51.6",1286,-0.3371122,1,0.01,21.29,11.98,40.53
"2023-06-20 10:44:51.8",1287,-0.03300095,1,0.011,21.29,11.98,40.53
"2023-06-20 10:44:52",1288,-0.3371122,1,0.01,21.29,11.98,40.53
"2023-06-20 10:44:52.2",1289,-0.0329988,1,0.01,21.29,11.98,40.53
"2023-06-20 10:44:52.4",1290,-0.641221,1,0.011,21.29,11.98,40.53
"2023-06-20 10:44:52.6",1291,-0.33711,1,0.01,21.26,11.98,40.53
"2023-06-20 10:44:52.8",1292,-0.33711,1,0.01,21.29,11.98,40.53
"2023-06-20 10:44:53",1293,0.2711112,1,0.011,21.26,11.98,40.53
"2023-06-20 10:44:53.2",1294,-0.0329988,1,0.011,21.29,11.98,40.53
"2023-06-20 10:44:53.4",1295,-0.0329988,1,0.01,21.26,11.98,40.53
"2023-06-20 10:44:53.6",1296,-0.337111,1,0.011,21.29,11.99,40.53
"2023-06-20 10:44:53.8",1297,0.2711122,1,0.01,21.29,11.98,40.53
"2023-06-20 10:44:54",1298,-0.33711,1,0.01,21.29,11.98,40.53
"2023-06-20 10:44:54.2",1299,-0.0329988,1,0.011,21.29,11.98,40.53
"2023-06-20 10:44:54.4",1300,-0.0329988,1,0.01,21.26,11.99,40.53
"2023-06-20 10:44:54.6",1301,-0.0329988,1,0.01,21.29,11.98,40.53
"2023-06-20 10:44:54.8",1302,0.5752234,1,0.011,21.29,11.98,40.53
"2023-06-20 10:44:55",1303,-0.33711,1,0.01,21.29,11.98,40.53
"2023-06-20 10:44:55.2",1304,-0.0329988,1,0.01,21.29,11.98,40.53
"2023-06-20 10:44:55.4",1305,0.5752234,1,0.011,21.29,11.99,40.53
"2023-06-20 10:44:55.6",1306,0.2711122,1,0.01,21.29,11.98,40.53
"2023-06-20 10:44:55.8",1307,-0.0329988,1,0.01,21.29,11.99,40.53
"2023-06-20 10:44:56",1308,-0.0329988,1,0.011,21.29,11.98,40.53
"2023-06-20 10:44:56.2",1309,-0.0329988,1,0.011,21.29,11.98,40.53
"2023-06-20 10:44:56.4",1310,-0.0329988,1,0.01,21.29,11.98,40.53
"2023-06-20 10:44:56.6",1311,-0.641221,1,0.011,21.29,11.98,40.53
"2023-06-20 10:44:56.8",1312,-0.0329988,1,0.011,21.29,11.98,40.53
"2023-06-20 10:44:57",1313,-0.0329988,1,0.01,21.29,11.98,40.53
"2023-06-20 10:44:57.2",1314,-0.0329988,1,0.011,21.29,11.98,40.53
"2023-06-20 10:44:57.4",1315,0.2711122,1,0.011,21.29,11.98,40.53
"2023-06-20 10:44:57.6",1316,-0.33711,1,0.01,21.29,11.98,40.53
"2023-06-20 10:44:57.8",1317,-0.337111,1,0.011,21.29,11.98,40.53
"2023-06-20 10:44:58",1318,0.2711122,1,0.01,21.29,11.98,40.53
"2023-06-20 10:54:51",1319,-0.03312516,4,0.011,21.1,11.98,38.98
"2023-06-20 10:54:51.4",1320,-0.03312945,8,0.01,21.1,11.99,39.39
"2023-06-20 10:54:51.6",1321,-0.03312945,1,0.011,21.1,11.99,39.52
"2023-06-20 10:54:51.8",1322,-0.03312731,1,0.01,21.1,11.98,39.66
"2023-06-20 10:54:52",1323,0.2709677,1,0.011,21.07,11.99,39.79
"2023-06-20 10:54:52.2",1324,-0.03312945,1,0.01,21.1,11.99,39.93
"2023-06-20 10:54:52.4",1325,0.2709689,1,0.01,21.1,11.99,39.99
"2023-06-20 10:54:52.6",1326,0.2709677,1,0.011,21.1,11.98,40.09
"2023-06-20 10:54:52.8",1327,-0.03312731,1,0.01,21.1,11.98,40.2
"2023-06-20 10:54:53",1328,-0.03312945,1,0.011,21.1,11.98,40.26
"2023-06-20 10:54:53.2",1329,-0.6413217,1,0.01,21.1,11.98,40.33
"2023-06-20 10:54:53.4",1330,-0.3372266,1,0.011,21.1,11.98,40.36
"2023-06-20 10:54:53.6",1331,-0.3372254,1,0.01,21.07,11.99,40.43
"2023-06-20 10:54:53.8",1332,-0.3372266,1,0.011,21.1,11.98,40.47
"2023-06-20 10:54:54",1333,-0.3372254,1,0.01,21.1,11.99,40.5
"2023-06-20 10:54:54.2",1334,0.2709689,1,0.01,21.1,11.98,40.57
"2023-06-20 10:54:54.4",1335,-0.3372266,1,0.011,21.1,11.98,40.6
"2023-06-20 10:54:54.6",1336,0.2709689,1,0.01,21.1,11.99,40.63
"2023-06-20 10:54:54.8",1337,0.2709677,1,0.011,21.1,11.99,40.63
"2023-06-20 10:54:55",1338,0.2709689,1,0.01,21.1,11.99,40.67
"2023-06-20 10:54:55.2",1339,-0.3372254,1,0.01,21.1,11.99,40.67
"2023-06-20 10:54:55.4",1340,-0.03312945,1,0.011,21.1,11.99,40.7
"2023-06-20 10:54:55.6",1341,0.2709689,1,0.01,21.1,11.99,40.74
"2023-06-20 10:54:55.8",1342,-0.6413217,1,0.009,21.1,11.99,40.74
"2023-06-20 10:54:56",1343,-0.3372266,1,0.01,21.1,11.98,40.74
"2023-06-20 10:54:56.2",1344,-0.3372254,1,0.01,21.1,11.98,40.77
"2023-06-20 10:54:56.4",1345,-0.03312945,1,0.011,21.1,11.99,40.77
"2023-06-20 10:54:56.6",1346,0.2709689,1,0.01,21.1,11.98,40.8
"2023-06-20 10:54:56.8",1347,0.2709689,1,0.01,21.1,11.98,40.8
"2023-06-20 10:54:57",1348,-0.03312945,1,0.011,21.1,11.99,40.8
"2023-06-20 10:54:57.2",1349,-0.3372254,1,0.01,21.1,11.98,40.8
"2023-06-20 10:54:57.4",1350,-0.03312945,1,0.011,21.1,11.99,40.8
"2023-06-20 10:54:57.6",1351,0.2709689,1,0.011,21.1,11.99,40.8
"2023-06-20 10:54:57.8",1352,-0.3372254,1,0.01,21.1,11.99,40.84
"2023-06-20 10:54:58",1353,-0.03312945,1,0.011,21.1,11.99,40.84
"2023-06-20 10:54:58.2",1354,-0.3372254,1,0.01,21.1,11.99,40.84
"2023-06-20 10:54:58.4",1355,-0.3372254,1,0.01,21.1,11.99,40.84
"2023-06-20 10:54:58.6",1356,-0.3372266,1,0.011,21.1,11.99,40.87
"2023-06-20 10:54:58.8",1357,-0.3372254,1,0.01,21.1,11.98,40.87
"2023-06-20 10:54:59",1358,-0.03312945,1,0.011,21.1,11.99,40.87
"2023-06-20 10:54:59.2",1359,-0.6413217,1,0.01,21.1,11.99,40.87
"2023-06-20 10:54:59.4",1360,-0.03312731,1,0.01,21.1,11.98,40.87
"2023-06-20 10:54:59.6",1361,-0.3372266,1,0.011,21.1,11.99,40.87
"2023-06-20 10:54:59.8",1362,-0.3372254,1,0.01,21.1,11.98,40.87
"2023-06-20 10:55:00",1363,-0.03312945,1,0.011,21.1,11.99,40.87
"2023-06-20 10:55:00.2",1364,-0.03312731,1,0.01,21.1,11.98,40.87
"2023-06-20 10:55:00.4",1365,0.2709689,1,0.01,21.1,11.99,40.87
"2023-06-20 10:55:00.6",1366,-0.03312945,1,0.011,21.1,11.99,40.87
"2023-06-20 10:55:00.8",1367,0.2709689,1,0.01,21.1,11.99,40.87
"2023-06-20 10:55:01",1368,-0.03312945,1,0.011,21.1,11.98,40.87
"2023-06-20 10:55:01.2",1369,0.2709689,1,0.011,21.1,11.98,40.87
"2023-06-20 10:55:01.4",1370,-0.03312731,1,0.01,21.1,11.99,40.87
"2023-06-20 10:55:01.6",1371,-0.03312945,1,0.011,21.1,11.99,40.87
"2023-06-20 10:55:01.8",1372,-0.03312731,1,0.01,21.1,11.98,40.87
"2023-06-20 10:55:02",1373,-0.3372266,1,0.011,21.1,11.99,40.87
"2023-06-20 10:55:02.2",1374,-0.03312731,1,0.01,21.1,11.99,40.87
"2023-06-20 10:55:02.4",1375,0.2709689,1,0.01,21.1,11.98,40.87
"2023-06-20 10:55:02.6",1376,-0.03312945,1,0.011,21.1,11.99,40.87
"2023-06-20 10:55:02.8",1377,-0.03312731,1,0.01,21.1,11.99,40.87
"2023-06-20 10:55:03",1378,-0.03312945,1,0.011,21.1,11.98,40.87
"2023-06-20 10:55:03.2",1379,-0.3372254,1,0.01,21.1,11.98,40.87
"2023-06-20 10:55:03.4",1380,0.2709689,1,0.01,21.1,11.99,40.87
"2023-06-20 10:55:03.6",1381,-0.03312945,1,0.011,21.1,11.99,40.9
"2023-06-20 10:55:03.8",1382,-0.03312731,1,0.01,21.1,11.99,40.9
"2023-06-20 10:55:04",1383,-0.3372266,1,0.011,21.1,11.99,40.9
"2023-06-20 10:55:04.2",1384,0.2709689,1,0.01,21.1,11.98,40.9
"2023-06-20 10:55:04.4",1385,-0.3372254,1,0.01,21.1,11.98,40.9
"2023-06-20 10:55:04.6",1386,-0.03312945,1,0.011,21.1,11.98,40.9
"2023-06-20 10:55:04.8",1387,-0.3372254,1,0.01,21.1,11.99,40.9
"2023-06-20 10:55:05",1388,0.2709689,1,0.01,21.1,11.99,40.9
"2023-06-20 10:55:05.2",1389,-0.03312945,1,0.011,21.1,11.99,40.9
"2023-06-20 10:55:05.4",1390,0.2709689,1,0.01,21.1,11.99,40.87
"2023-06-20 10:55:05.6",1391,-0.03312945,1,0.011,21.1,11.99,40.9
"2023-06-20 10:55:05.8",1392,-0.3372254,1,0.011,21.1,11.99,40.9
"2023-06-20 10:55:06",1393,-0.03312731,1,0.01,21.1,11.98,40.9
"2023-06-20 10:55:06.2",1394,-0.3372266,1,0.011,21.1,11.99,40.9
"2023-06-20 10:55:06.4",1395,-0.03312731,1,0.01,21.1,11.99,40.9
"2023-06-20 10:55:06.6",1396,0.5750651,1,0.011,21.1,11.99,40.9
"2023-06-20 10:55:06.8",1397,0.2709689,1,0.01,21.1,11.98,40.9
"2023-06-20 10:55:07",1398,0.2709689,1,0.01,21.1,11.98,40.9
"2023-06-20 10:55:07.2",1399,-0.03312945,1,0.011,21.1,11.98,40.9
"2023-06-20 10:55:07.4",1400,0.2709689,1,0.01,21.1,11.98,40.9
"2023-06-20 10:55:07.6",1401,-0.3372254,1,0.01,21.1,11.98,40.9
"2023-06-20 10:55:07.8",1402,-0.03312945,1,0.011,21.1,11.98,40.9
"2023-06-20 10:55:08",1403,-0.03312731,1,0.01,21.1,11.98,40.9
"2023-06-20 10:55:08.2",1404,-0.3372266,1,0.011,21.1,11.99,40.9
"2023-06-20 10:55:08.4",1405,0.2709689,1,0.01,21.1,11.99,40.9
"2023-06-20 10:55:08.6",1406,-0.3372254,1,0.01,21.1,11.98,40.9
"2023-06-20 10:55:08.8",1407,-0.03312945,1,0.011,21.1,11.98,40.9
"2023-06-20 10:55:09",1408,0.2709689,1,0.01,21.1,11.98,40.9
"2023-06-20 10:55:09.2",1409,-0.03312945,1,0.011,21.1,11.99,40.9
"2023-06-20 10:55:09.4",1410,0.2709689,1,0.011,21.1,11.99,40.9
"2023-06-20 10:55:09.6",1411,-0.3372254,1,0.01,21.1,11.99,40.9
"2023-06-20 10:55:09.8",1412,-0.03312945,1,0.011,21.1,11.99,40.9
"2023-06-20 10:55:10",1413,-0.03312731,1,0.01,21.1,11.99,40.9
"2023-06-20 10:55:10.2",1414,-0.3372254,1,0.01,21.1,11.98,40.9
"2023-06-20 10:55:10.4",1415,-0.03312945,1,0.011,21.1,11.99,40.9
"2023-06-20 10:55:10.6",1416,-0.03312731,1,0.01,21.1,11.98,40.9
"2023-06-20 10:55:10.8",1417,-0.03312945,1,0.011,21.1,11.98,40.9
"2023-06-20 10:55:11",1418,0.2709689,1,0.01,21.1,11.98,40.9
"2023-06-20 10:55:11.2",1419,0.2709689,1,0.01,21.1,11.98,40.9
"2023-06-20 10:55:11.4",1420,-0.3372266,1,0.011,21.1,11.99,40.9
"2023-06-20 10:55:11.6",1421,0.2709689,1,0.01,21.1,11.99,40.9
"2023-06-20 10:55:11.8",1422,-0.03312945,1,0.011,21.1,11.98,40.9
"2023-06-20 10:55:12",1423,0.2709689,1,0.011,21.1,11.99,40.9
"2023-06-20 10:55:12.2",1424,-0.3372245,1,0.01,21.1,11.99,40.9
"2023-06-20 10:55:12.4",1425,-0.03312945,1,0.011,21.1,11.99,40.9
"2023-06-20 10:55:12.6",1426,0.2709689,1,0.01,21.1,11.98,40.9
"2023-06-20 10:55:12.8",1427,-0.03312826,1,0.01,21.1,11.99,40.9
"2023-06-20 10:55:13",1428,-0.3372266,1,0.011,21.1,11.98,40.9
"2023-06-20 10:55:13.2",1429,-0.03312826,1,0.01,21.1,11.98,40.9
"2023-06-20 10:55:13.4",1430,0.2709689,1,0.01,21.1,11.98,40.9
"2023-06-20 10:55:13.6",1431,0.2709677,1,0.011,21.1,11.98,40.9
"2023-06-20 10:55:13.8",1432,0.2709689,1,0.01,21.12,11.99,40.9
"2023-06-20 10:55:14",1433,-0.03312945,1,0.011,21.1,11.98,40.9
"2023-06-20 10:55:14.2",1434,0.2709689,1,0.011,21.12,11.99,40.9
"2023-06-20 10:55:14.4",1435,0.2709689,1,0.01,21.12,11.99,40.9
"2023-06-20 10:55:14.6",1436,-0.03312945,1,0.011,21.12,11.99,40.9
"2023-06-20 10:55:14.8",1437,-0.03312731,1,0.01,21.12,11.98,40.9
"2023-06-20 10:55:15",1438,-0.03312731,1,0.009,21.12,11.98,40.9
"2023-06-20 10:55:15.2",1439,-0.3372245,1,0.011,21.12,11.99,40.9
"2023-06-20 10:55:15.4",1440,-0.03312826,1,0.01,21.12,11.99,40.9
"2023-06-20 10:55:15.6",1441,-0.03312826,1,0.01,21.1,11.98,40.9
"2023-06-20 10:55:15.8",1442,-0.03312945,1,0.011,21.12,11.98,40.9
"2023-06-20 10:55:16",1443,-0.03312731,1,0.01,21.12,11.99,40.9
"2023-06-20 10:55:16.2",1444,0.2709677,1,0.011,21.12,11.98,40.9
"2023-06-20 10:55:16.4",1445,-0.3372254,1,0.01,21.12,11.99,40.9
"2023-06-20 10:55:16.6",1446,-0.3372245,1,0.01,21.1,11.98,40.9
"2023-06-20 10:55:16.8",1447,0.2709677,1,0.011,21.12,11.98,40.9
"2023-06-20 10:55:17",1448,-0.3372245,1,0.01,21.12,11.99,40.9
"2023-06-20 10:55:17.2",1449,-0.3372266,1,0.011,21.12,11.98,40.9
"2023-06-20 10:55:17.4",1450,-0.03312731,1,0.01,21.12,11.98,40.9
"2023-06-20 10:55:17.6",1451,0.2709689,1,0.01,21.12,11.98,40.9
"2023-06-20 10:55:17.8",1452,-0.03312945,1,0.011,21.12,11.99,40.9
"2023-06-20 10:55:18",1453,0.2709689,1,0.01,21.12,11.99,40.9
"2023-06-20 10:55:18.2",1454,-0.03312945,1,0.011,21.12,11.98,40.9
"2023-06-20 10:55:18.4",1455,0.2709689,1,0.011,21.12,11.98,40.9
"2023-06-20 10:55:18.6",1456,0.2709689,1,0.01,21.12,11.99,40.9
"2023-06-20 10:55:18.8",1457,-0.3372245,1,0.011,21.12,11.99,40.9
"2023-06-20 10:55:19",1458,-0.03312731,1,0.01,21.12,11.98,40.9
"2023-06-20 10:55:19.2",1459,0.2709689,1,0.01,21.12,11.98,40.9
"2023-06-20 10:55:19.4",1460,-0.3372266,1,0.011,21.12,11.99,40.9
"2023-06-20 10:55:19.6",1461,0.2709689,1,0.01,21.12,11.99,40.9
"2023-06-20 10:55:19.8",1462,0.2709677,1,0.011,21.12,11.99,40.9
"2023-06-20 10:55:20",1463,0.2709689,1,0.01,21.12,11.98,40.9
"2023-06-20 10:55:20.2",1464,-0.3372245,1,0.01,21.12,11.98,40.9
"2023-06-20 10:55:20.4",1465,-0.3372266,1,0.011,21.12,11.98,40.9
"2023-06-20 10:55:20.6",1466,0.2709689,1,0.01,21.12,11.99,40.9
"2023-06-20 10:55:20.8",1467,-0.03312945,1,0.011,21.12,11.99,40.9
"2023-06-20 10:55:21",1468,-0.03312731,1,0.01,21.12,11.98,40.9
"2023-06-20 10:55:21.2",1469,-0.03312731,1,0.01,21.12,11.99,40.9
"2023-06-20 10:55:21.4",1470,-0.3372266,1,0.011,21.12,11.99,40.9
"2023-06-20 10:55:21.6",1471,0.2709689,1,0.01,21.12,11.99,40.9
"2023-06-20 10:55:21.8",1472,0.5750651,1,0.011,21.12,11.99,40.9
"2023-06-20 10:55:22",1473,-0.03312731,1,0.01,21.12,11.98,40.9
"2023-06-20 10:55:22.2",1474,-0.03312826,1,0.01,21.12,11.99,40.9
"2023-06-20 10:55:22.4",1475,0.5750651,1,0.011,21.12,11.98,40.9
"2023-06-20 10:55:22.6",1476,-0.03312826,1,0.01,21.12,11.98,40.9
"2023-06-20 10:55:22.8",1477,0.2709689,1,0.01,21.12,11.98,40.9
"2023-06-20 10:55:23",1478,-0.03312945,1,0.011,21.12,11.98,40.9
"2023-06-20 10:55:23.2",1479,-0.03312731,1,0.01,21.12,11.98,40.9
"2023-06-20 10:55:23.4",1480,0.2709677,1,0.011,21.12,11.98,40.9
"2023-06-20 10:55:23.6",1481,0.2709689,1,0.01,21.12,11.99,40.9
"2023-06-20 10:55:23.8",1482,-0.03312826,1,0.01,21.12,11.99,40.9
"2023-06-20 10:55:24",1483,-0.3372266,1,0.011,21.12,11.98,40.9
"2023-06-20 10:55:24.2",1484,-0.03312731,1,0.01,21.12,11.99,40.9
"2023-06-20 10:55:24.4",1485,-0.6413217,1,0.011,21.12,11.99,40.9
"2023-06-20 10:55:24.6",1486,0.2709689,1,0.011,21.12,11.98,40.9
"2023-06-20 10:55:24.8",1487,-0.3372245,1,0.01,21.15,11.99,40.9
"2023-06-20 10:55:25",1488,-0.03312731,1,0.011,21.15,11.99,40.9
"2023-06-20 10:55:25.2",1489,-0.3372245,1,0.01,21.12,11.99,40.9
"2023-06-20 10:55:25.4",1490,-0.3372245,1,0.01,21.15,11.99,40.9
"2023-06-20 10:55:25.6",1491,-0.03312945,1,0.011,21.12,11.98,40.9
"2023-06-20 10:55:25.8",1492,0.2709689,1,0.01,21.15,11.99,40.9
"2023-06-20 10:55:26",1493,0.2709689,1,0.01,21.15,11.99,40.9
"2023-06-20 10:55:26.2",1494,-0.3372266,1,0.011,21.15,11.99,40.9
"2023-06-20 10:55:26.4",1495,-0.3372254,1,0.01,21.15,11.98,40.9
"2023-06-20 10:55:26.6",1496,-0.03312945,1,0.011,21.15,11.98,40.9
"2023-06-20 10:55:26.8",1497,0.2709689,1,0.01,21.15,11.98,40.9
"2023-06-20 10:55:27",1498,0.2709689,1,0.01,21.15,11.99,40.9
"2023-06-20 10:55:27.2",1499,0.5750651,1,0.011,21.15,11.98,40.9
"2023-06-20 10:55:27.4",1500,0.2709689,1,0.01,21.15,11.98,40.9
"2023-06-20 10:55:27.6",1501,0.2709689,1,0.01,21.15,11.98,40.9
"2023-06-20 10:55:27.8",1502,-0.03312945,1,0.011,21.15,11.99,40.9
"2023-06-20 10:55:28",1503,0.2709689,1,0.01,21.15,11.99,40.9
"2023-06-20 10:55:28.2",1504,-0.03312945,1,0.011,21.15,11.98,40.9
"2023-06-20 10:55:28.4",1505,0.2709689,1,0.011,21.15,11.98,40.9
"2023-06-20 10:55:28.6",1506,0.2709689,1,0.01,21.15,11.99,40.9
"2023-06-20 10:55:28.8",1507,-0.03312945,1,0.011,21.15,11.99,40.9
"2023-06-20 10:55:29",1508,-0.03312731,1,0.01,21.15,11.98,40.9
"2023-06-20 10:55:29.2",1509,-0.03312826,1,0.01,21.15,11.98,40.9
"2023-06-20 10:55:29.4",1510,0.2709677,1,0.011,21.15,11.99,40.9
"2023-06-20 10:55:29.6",1511,-0.03312731,1,0.01,21.15,11.99,40.9
"2023-06-20 10:55:29.8",1512,-0.03312731,1,0.011,21.15,11.98,40.9
"2023-06-20 10:55:30",1513,-0.03312826,1,0.011,21.15,11.98,40.9
"2023-06-20 10:55:30.2",1514,-0.03312826,1,0.01,21.15,11.98,40.9
"2023-06-20 10:55:30.4",1515,-0.03312731,1,0.011,21.15,11.99,40.9
"2023-06-20 10:55:30.6",1516,-0.03312826,1,0.011,21.15,11.99,40.9
"2023-06-20 10:55:30.8",1517,-0.03312826,1,0.01,21.15,11.99,40.9
"2023-06-20 10:55:31",1518,0.2709689,1,0.01,21.15,11.99,40.94
"2023-06-20 10:55:31.2",1519,0.5750651,1,0.011,21.15,11.98,40.9
"2023-06-20 10:55:31.4",1520,0.2709689,1,0.01,21.15,11.99,40.94
"2023-06-20 10:55:31.6",1521,0.2709677,1,0.011,21.15,11.99,40.9
"2023-06-20 10:55:31.8",1522,-0.03312731,1,0.01,21.15,11.99,40.9
"2023-06-20 10:55:32",1523,-0.03312826,1,0.01,21.15,11.98,40.9
"2023-06-20 10:55:32.2",1524,0.2709677,1,0.011,21.15,11.98,40.9
"2023-06-20 10:55:32.4",1525,-0.03312826,1,0.01,21.15,11.98,40.9
"2023-06-20 10:55:32.6",1526,-0.03312826,1,0.01,21.15,11.98,40.9
"2023-06-20 10:55:32.8",1527,-0.03312945,1,0.011,21.15,11.98,40.9
"2023-06-20 10:55:33",1528,-0.03312826,1,0.01,21.15,11.99,40.9
"2023-06-20 10:55:33.2",1529,-0.03312826,1,0.01,21.15,11.99,40.9
"2023-06-20 10:55:33.4",1530,-0.03312945,1,0.011,21.15,11.99,40.9
"2023-06-20 10:55:33.6",1531,-0.03312826,1,0.011,21.15,11.99,40.94
"2023-06-20 10:55:33.8",1532,-0.03312826,1,0.01,21.15,11.99,40.9
"2023-06-20 10:55:34",1533,0.2709677,1,0.011,21.15,11.98,40.94
"2023-06-20 10:55:34.2",1534,-0.03312826,1,0.011,21.15,11.99,40.9
"2023-06-20 10:55:34.4",1535,-0.3372245,1,0.01,21.15,11.98,40.9
"2023-06-20 10:55:34.6",1536,-0.03312731,1,0.011,21.15,11.99,40.9
"2023-06-20 10:55:34.8",1537,-0.03312826,1,0.011,21.15,11.99,40.9
"2023-06-20 10:55:35",1538,-0.03312826,1,0.01,21.15,11.99,40.94
"2023-06-20 10:55:35.2",1539,-0.03312945,1,0.011,21.15,11.99,40.9
"2023-06-20 10:55:35.4",1540,-0.03312826,1,0.011,21.15,11.99,40.9
"2023-06-20 10:55:35.6",1541,-0.3372245,1,0.01,21.15,11.99,40.9
"2023-06-20 10:55:35.8",1542,0.2709699,1,0.012,21.15,11.99,40.94
"2023-06-20 10:55:36",1543,-0.3372245,1,0.011,21.15,11.98,40.9
"2023-06-20 10:55:36.2",1544,-0.03312826,1,0.01,21.15,11.98,40.9
"2023-06-20 10:55:36.4",1545,-0.03312826,1,0.01,21.15,11.99,40.9
"2023-06-20 10:55:36.6",1546,-0.03312731,1,0.011,21.18,11.99,40.9
"2023-06-20 10:55:36.8",1547,-0.3372245,1,0.01,21.15,11.99,40.9
"2023-06-20 10:55:37",1548,0.5750661,1,0.01,21.15,11.99,40.9
"2023-06-20 10:55:37.2",1549,-0.03312731,1,0.011,21.18,11.98,40.9
"2023-06-20 10:55:37.4",1550,0.2709699,1,0.01,21.15,11.99,40.9
"2023-06-20 10:55:37.6",1551,-0.03312826,1,0.01,21.18,11.98,40.9
"2023-06-20 10:55:37.8",1552,-0.03312731,1,0.011,21.15,11.99,40.9
"2023-06-20 10:55:38",1553,-0.03312826,1,0.01,21.18,11.99,40.9
"2023-06-20 10:55:38.2",1554,0.5750661,1,0.01,21.15,11.99,40.94
"2023-06-20 10:55:38.4",1555,0.2709699,1,0.011,21.18,11.99,40.94
"2023-06-20 10:55:38.6",1556,-0.03312826,1,0.011,21.15,11.99,40.9
"2023-06-20 10:55:38.8",1557,-0.03312826,1,0.01,21.18,11.98,40.9
"2023-06-20 10:55:39",1558,-0.3372245,1,0.01,21.18,11.99,40.9
"2023-06-20 10:55:39.2",1559,-0.03312731,1,0.011,21.18,11.99,40.9
"2023-06-20 10:55:39.4",1560,-0.03312826,1,0.01,21.18,11.98,40.94
"2023-06-20 10:55:39.6",1561,-0.03312826,1,0.01,21.15,11.99,40.9
"2023-06-20 10:55:39.8",1562,-0.03312945,1,0.011,21.18,11.98,40.9
"2023-06-20 10:55:40",1563,-0.03312826,1,0.01,21.18,11.98,40.9
"2023-06-20 10:55:40.2",1564,-0.03312826,1,0.01,21.15,11.98,40.9
"2023-06-20 10:55:40.4",1565,-0.03312731,1,0.011,21.15,11.99,40.9
"2023-06-20 10:55:40.6",1566,-0.03312826,1,0.011,21.18,11.98,40.9
"2023-06-20 10:55:40.8",1567,-0.03312826,1,0.01,21.18,11.99,40.9
"2023-06-20 10:55:41",1568,0.2709677,1,0.011,21.18,11.98,40.9
"2023-06-20 10:55:41.2",1569,0.5750661,1,0.011,21.15,11.98,40.9
"2023-06-20 10:55:41.4",1570,0.2709699,1,0.01,21.18,11.99,40.9
"2023-06-20 10:55:41.6",1571,-0.03312731,1,0.011,21.18,11.98,40.9
"2023-06-20 10:55:41.8",1572,0.2709699,1,0.01,21.18,11.99,40.9
"2023-06-20 10:55:42",1573,-0.3372245,1,0.01,21.18,11.98,40.9
"2023-06-20 10:55:42.2",1574,-0.03312731,1,0.011,21.18,11.98,40.9
"2023-06-20 10:55:42.4",1575,-0.03312826,1,0.01,21.18,11.99,40.9
"2023-06-20 10:55:42.6",1576,0.5750661,1,0.01,21.18,11.99,40.9
"2023-06-20 10:55:42.8",1577,0.2709699,1,0.011,21.18,11.99,40.94
"2023-06-20 10:55:43",1578,0.2709699,1,0.011,21.18,11.98,40.94
"2023-06-20 10:55:43.2",1579,-0.03312826,1,0.01,21.18,11.98,40.94
"2023-06-20 10:55:43.4",1580,-0.03312731,1,0.011,21.18,11.98,40.9
"2023-06-20 10:55:43.6",1581,-0.03312826,1,0.011,21.18,11.99,40.94
"2023-06-20 10:55:43.8",1582,-0.03312826,1,0.01,21.18,11.98,40.9
"2023-06-20 10:55:44",1583,0.5750661,1,0.01,21.18,11.99,40.94
"2023-06-20 10:55:44.2",1584,-0.03319144,1,0.011,21.18,11.99,40.94
"2023-06-20 10:55:44.4",1585,-0.3372812,1,0.01,21.18,11.99,40.9
"2023-06-20 10:55:44.6",1586,-0.03319144,1,0.01,21.18,11.99,40.94
"2023-06-20 10:55:44.8",1587,0.2708972,1,0.011,21.18,11.98,40.94
"2023-06-20 10:55:45",1588,-0.3372812,1,0.01,21.18,11.99,40.9
"2023-06-20 10:55:45.2",1589,-0.3372812,1,0.01,21.18,11.98,40.9
"2023-06-20 10:55:45.4",1590,-0.3372822,1,0.011,21.18,11.99,40.94
"2023-06-20 10:55:45.6",1591,-0.03319144,1,0.011,21.18,11.99,40.9
"2023-06-20 10:55:45.8",1592,0.2708983,1,0.01,21.18,11.99,40.9
"2023-06-20 10:55:46",1593,-0.03319144,1,0.011,21.18,11.98,40.94
"2023-06-20 10:55:46.2",1594,-0.03319144,1,0.011,21.18,11.99,40.94
"2023-06-20 10:55:46.4",1595,-0.03319144,1,0.01,21.18,11.99,40.9
"2023-06-20 10:55:46.6",1596,0.2708972,1,0.012,21.18,11.99,40.9
"2023-06-20 10:55:46.8",1597,-0.03319144,1,0.011,21.21,11.98,40.9
"2023-06-20 10:55:47",1598,-0.03319144,1,0.01,21.21,11.99,40.9
"2023-06-20 10:55:47.2",1599,-0.03319144,1,0.01,21.21,11.99,40.94
"2023-06-20 10:55:47.4",1600,0.5749879,1,0.011,21.21,11.98,40.94
"2023-06-20 10:55:47.6",1601,0.2708983,1,0.01,21.21,11.99,40.94
"2023-06-20 10:55:47.8",1602,-0.3372812,1,0.01,21.21,11.98,40.94
"2023-06-20 10:55:48",1603,0.2708972,1,0.011,21.21,11.98,40.9
"2023-06-20 10:55:48.2",1604,-0.03319144,1,0.011,21.21,11.99,40.94
"2023-06-20 10:55:48.4",1605,-0.03319144,1,0.01,21.21,11.99,40.94
"2023-06-20 10:55:48.6",1606,0.2708972,1,0.012,21.21,11.98,40.94
"2023-06-20 10:55:48.8",1607,-0.03319144,1,0.011,21.21,11.99,40.94
"2023-06-20 10:55:49",1608,-0.03319144,1,0.01,21.21,11.99,40.94
"2023-06-20 10:55:49.2",1609,-0.03319144,1,0.01,21.21,11.99,40.94
"2023-06-20 10:55:49.4",1610,-0.03319144,1,0.011,21.21,11.98,40.94
"2023-06-20 10:55:49.6",1611,0.2708983,1,0.01,21.21,11.99,40.9
"2023-06-20 10:55:49.8",1612,-0.03319144,1,0.01,21.21,11.98,40.94
"2023-06-20 10:55:50",1613,0.2708972,1,0.011,21.21,11.99,40.9
"2023-06-20 10:55:50.2",1614,-0.03319144,1,0.011,21.21,11.98,40.9
"2023-06-20 10:55:50.4",1615,-0.03319144,1,0.01,21.21,11.98,40.9
"2023-06-20 10:55:50.6",1616,-0.03319144,1,0.01,21.21,11.98,40.9
"2023-06-20 10:55:50.8",1617,0.2708972,1,0.011,21.21,11.99,40.94
"2023-06-20 10:55:51",1618,0.5749879,1,0.011,21.21,11.99,40.9
"2023-06-20 10:55:51.2",1619,0.2708983,1,0.01,21.21,11.98,40.9
"2023-06-20 10:55:51.4",1620,-0.03319144,1,0.011,21.21,11.99,40.94
"2023-06-20 10:55:51.6",1621,-0.03319144,1,0.011,21.21,11.99,40.94
"2023-06-20 10:55:51.8",1622,-0.03319144,1,0.01,21.21,11.98,40.94
"2023-06-20 10:55:52",1623,0.2708972,1,0.012,21.21,11.99,40.94
"2023-06-20 10:55:52.2",1624,-0.03319144,1,0.011,21.21,11.98,40.94
"2023-06-20 10:55:52.4",1625,-0.03319144,1,0.01,21.21,11.99,40.94
"2023-06-20 10:55:52.6",1626,0.2708983,1,0.01,21.21,11.99,40.9
"2023-06-20 10:55:52.8",1627,0.2708972,1,0.011,21.21,11.99,40.94
"2023-06-20 10:55:53",1628,-0.03319144,1,0.011,21.21,11.98,40.94
"2023-06-20 10:55:53.2",1629,-0.03319144,1,0.01,21.21,11.98,40.94
"2023-06-20 10:55:53.4",1630,0.2708972,1,0.012,21.21,11.99,40.9
"2023-06-20 10:55:53.6",1631,0.2708983,1,0.011,21.21,11.98,40.94
"2023-06-20 10:55:53.8",1632,-0.03319144,1,0.01,21.21,11.98,40.94
"2023-06-20 10:55:54",1633,-0.3372812,1,0.01,21.21,11.99,40.94
"2023-06-20 10:55:54.2",1634,0.5749879,1,0.011,21.21,11.98,40.94
"2023-06-20 10:55:54.4",1635,0.5749879,1,0.01,21.21,11.99,40.94
"2023-06-20 10:55:54.6",1636,-0.03319144,1,0.01,21.21,11.99,40.94
"2023-06-20 10:55:54.8",1637,0.2708972,1,0.011,21.21,11.98,40.94
"2023-06-20 10:55:55",1638,0.5749879,1,0.011,21.21,11.98,40.9
"2023-06-20 10:55:55.2",1639,-0.03319144,1,0.01,21.21,11.98,40.94
"2023-06-20 10:55:55.4",1640,0.2708972,1,0.012,21.21,11.99,40.94
"2023-06-20 10:55:55.6",1641,0.2708983,1,0.011,21.21,11.98,40.94
"2023-06-20 10:55:55.8",1642,-0.03319144,1,0.01,21.21,11.99,40.94
"2023-06-20 10:55:56",1643,-0.03319144,1,0.01,21.21,11.99,40.94
"2023-06-20 10:55:56.2",1644,-0.03319144,1,0.011,21.21,11.99,40.94
"2023-06-20 10:55:56.4",1645,-0.03319144,1,0.01,21.21,11.99,40.9
"2023-06-20 10:55:56.6",1646,-0.3372812,1,0.01,21.21,11.99,40.94
"2023-06-20 10:55:56.8",1647,0.2708972,1,0.011,21.21,11.99,40.94
"2023-06-20 10:55:57",1648,0.2708983,1,0.01,21.21,11.99,40.9
"2023-06-20 10:55:57.2",1649,-0.3372812,1,0.01,21.21,11.98,40.94
"2023-06-20 10:55:57.4",1650,0.2708972,1,0.011,21.21,11.98,40.94
"2023-06-20 10:55:57.6",1651,0.5749879,1,0.011,21.21,11.99,40.9
"2023-06-20 10:55:57.8",1652,-0.03319144,1,0.01,21.21,11.98,40.94
"2023-06-20 10:55:58",1653,0.2708972,1,0.012,21.21,11.99,40.94
"2023-06-20 10:55:58.2",1654,-0.03319144,1,0.011,21.21,11.99,40.94
"2023-06-20 10:55:58.4",1655,-0.03319144,1,0.01,21.21,11.99,40.94
"2023-06-20 10:55:58.6",1656,-0.03319144,1,0.01,21.21,11.98,40.94
"2023-06-20 10:55:58.8",1657,0.2708972,1,0.011,21.23,11.98,40.94
"2023-06-20 10:55:59",1658,-0.03319144,1,0.011,21.21,11.98,40.94
"2023-06-20 10:55:59.2",1659,-0.03319144,1,0.01,21.23,11.99,40.94
"2023-06-20 10:55:59.4",1660,0.5749879,1,0.01,21.23,11.99,40.94
"2023-06-20 10:55:59.6",1661,0.2708972,1,0.011,21.23,11.98,40.94
"2023-06-20 10:55:59.8",1662,-0.03319144,1,0.011,21.21,11.99,40.94
"2023-06-20 10:56:00",1663,0.2708983,1,0.01,21.21,11.99,40.94
"2023-06-20 10:56:00.2",1664,-0.03319144,1,0.011,21.21,11.98,40.94
"2023-06-20 10:56:00.4",1665,0.2708983,1,0.01,21.23,11.99,40.94
"2023-06-20 10:56:00.6",1666,-0.03319144,1,0.01,21.23,11.98,40.94
"2023-06-20 10:56:00.8",1667,-0.03319144,1,0.011,21.23,11.98,40.9
"2023-06-20 10:56:01",1668,-0.3372812,1,0.01,21.23,11.99,40.94
"2023-06-20 10:56:01.2",1669,-0.03319144,1,0.01,21.23,11.98,40.9
"2023-06-20 10:56:01.4",1670,0.2708972,1,0.011,21.23,11.99,40.9
"2023-06-20 10:56:01.6",1671,-0.03319144,1,0.011,21.23,11.98,40.9
"2023-06-20 10:56:01.8",1672,-0.03319144,1,0.01,21.23,11.99,40.94
"2023-06-20 10:56:02",1673,0.5749879,1,0.01,21.23,11.99,40.94
"2023-06-20 10:56:02.2",1674,0.5749879,1,0.011,21.23,11.99,40.94
"2023-06-20 10:56:02.4",1675,0.5749879,1,0.011,21.23,11.98,40.94
"2023-06-20 10:56:02.6",1676,0.5749879,1,0.01,21.23,11.99,40.94
"2023-06-20 10:56:02.8",1677,-0.03319144,1,0.011,21.23,11.98,40.94
"2023-06-20 10:56:03",1678,0.5749879,1,0.011,21.23,11.99,40.9
"2023-06-20 10:56:03.2",1679,-0.03319144,1,0.01,21.23,11.98,40.9
"2023-06-20 10:56:03.4",1680,0.2708972,1,0.012,21.23,11.98,40.94
"2023-06-20 10:56:03.6",1681,0.2708983,1,0.011,21.23,11.98,40.9
"2023-06-20 10:56:03.8",1682,0.2708983,1,0.01,21.23,11.99,40.94
"2023-06-20 10:56:04",1683,0.2708972,1,0.011,21.23,11.98,40.94
"2023-06-20 10:56:04.2",1684,-0.03319144,1,0.011,21.23,11.99,40.94
"2023-06-20 10:56:04.4",1685,0.5749879,1,0.01,21.23,11.98,40.9
"2023-06-20 10:56:04.6",1686,-0.03319144,1,0.011,21.23,11.98,40.94
"2023-06-20 10:56:04.8",1687,0.2708983,1,0.011,21.23,11.98,40.94
"2023-06-20 10:56:05",1688,0.5749879,1,0.01,21.23,11.99,40.94
"2023-06-20 10:56:05.2",1689,0.2708972,1,0.012,21.23,11.98,40.94
"2023-06-20 10:56:05.4",1690,-0.03319144,1,0.011,21.23,11.99,40.9
"2023-06-20 10:56:05.6",1691,-0.03319144,1,0.011,21.23,11.98,40.94
"2023-06-20 10:56:05.8",1692,0.5749879,1,0.01,21.23,11.99,40.94
"2023-06-20 10:56:06",1693,-0.03319144,1,0.011,21.23,11.98,40.94
"2023-06-20 10:56:06.2",1694,0.5749879,1,0.011,21.23,11.98,40.94
"2023-06-20 10:56:06.4",1695,0.2708983,1,0.01,21.26,11.98,40.94
"2023-06-20 10:56:06.6",1696,-0.03319144,1,0.011,21.26,11.98,40.94
"2023-06-20 10:56:06.8",1697,-0.03319144,1,0.011,21.26,11.98,40.94
"2023-06-20 10:56:07",1698,-0.3372812,1,0.01,21.26,11.98,40.9
"2023-06-20 10:56:07.2",1699,-0.03319144,1,0.011,21.26,11.98,40.9
"2023-06-20 10:56:07.4",1700,0.5749879,1,0.011,21.26,11.98,40.9
"2023-06-20 10:56:07.6",1701,-0.03319144,1,0.01,21.26,11.98,40.94
"2023-06-20 10:56:07.8",1702,-0.03319144,1,0.011,21.23,11.98,40.9
"2023-06-20 10:56:08",1703,0.2708983,1,0.011,21.26,11.99,40.94
"2023-06-20 10:56:08.2",1704,-0.03319144,1,0.01,21.26,11.99,40.9
"2023-06-20 10:56:08.4",1705,-0.03319144,1,0.011,21.26,11.98,40.9
"2023-06-20 10:56:08.6",1706,-0.03319144,1,0.011,21.26,11.98,40.9
"2023-06-20 10:56:08.8",1707,0.5749879,1,0.01,21.26,11.98,40.9
"2023-06-20 10:56:09",1708,-0.03319144,1,0.01,21.26,11.99,40.94
"2023-06-20 10:56:09.2",1709,0.2708972,1,0.011,21.26,11.98,40.9
"2023-06-20 10:56:09.4",1710,0.2708983,1,0.011,21.23,11.99,40.9
"2023-06-20 10:56:09.6",1711,0.2708983,1,0.01,21.26,11.99,40.9
"2023-06-20 10:56:09.8",1712,0.2708972,1,0.011,21.26,11.99,40.9
"2023-06-20 10:56:10",1713,-0.03319144,1,0.011,21.26,11.99,40.94
"2023-06-20 10:56:10.2",1714,-0.03319144,1,0.01,21.26,11.99,40.94
"2023-06-20 10:56:10.4",1715,0.2708972,1,0.012,21.26,11.98,40.9
"2023-06-20 10:56:10.6",1716,-0.03319144,1,0.011,21.26,11.98,40.9
"2023-06-20 10:56:10.8",1717,0.5749879,1,0.011,21.26,11.99,40.9
"2023-06-20 10:56:11",1718,-0.03319144,1,0.01,21.26,11.99,40.9
"2023-06-20 10:56:11.2",1719,-0.03319144,1,0.011,21.26,11.98,40.9
"2023-06-20 10:56:11.4",1720,0.2708983,1,0.011,21.26,11.99,40.9
"2023-06-20 10:56:11.6",1721,0.2708983,1,0.01,21.26,11.99,40.94
"2023-06-20 10:56:11.8",1722,-0.03319144,1,0.011,21.26,11.98,40.9
"2023-06-20 10:56:12",1723,0.2708983,1,0.01,21.26,11.98,40.9
"2023-06-20 10:56:12.2",1724,0.2708983,1,0.01,21.26,11.99,40.9
"2023-06-20 10:56:12.4",1725,-0.03319144,1,0.011,21.26,11.99,40.9
"2023-06-20 10:56:12.6",1726,-0.3372812,1,0.01,21.26,11.98,40.9
"2023-06-20 10:56:12.8",1727,-0.03319144,1,0.011,21.26,11.98,40.9
"2023-06-20 10:56:13",1728,-0.3372812,1,0.011,21.26,11.99,40.94
"2023-06-20 10:56:13.2",1729,-0.03319144,1,0.01,21.26,11.98,40.94
"2023-06-20 10:56:13.4",1730,-0.03319144,1,0.011,21.26,11.99,40.94
"2023-06-20 10:56:13.6",1731,-0.3372812,1,0.011,21.26,11.99,40.9
"2023-06-20 10:56:13.8",1732,-0.03319144,1,0.01,21.26,11.99,40.9
"2023-06-20 10:56:14",1733,-0.03319144,1,0.011,21.26,11.98,40.9
"2023-06-20 10:56:14.2",1734,-0.03319144,1,0.011,21.26,11.98,40.94
"2023-06-20 10:56:14.4",1735,5.744513,1,0.01,21.26,11.99,40.94
"2023-06-20 10:56:14.6",1736,0.5749879,1,0.011,21.26,11.99,40.9
"2023-06-20 10:56:14.8",1737,0.2708983,1,0.011,21.26,11.98,40.9
"2023-06-20 10:56:15",1738,0.2708983,1,0.01,21.26,11.99,40.94
"2023-06-20 10:56:15.2",1739,-0.03319144,1,0.011,21.26,11.99,40.94
"2023-06-20 10:56:15.4",1740,0.2708983,1,0.011,21.26,11.99,40.94
"2023-06-20 10:56:15.6",1741,0.2708983,1,0.01,21.26,11.99,40.9
"2023-06-20 10:56:15.8",1742,-0.03319144,1,0.011,21.26,11.99,40.9
"2023-06-20 10:56:16",1743,0.2708983,1,0.01,21.26,11.99,40.9
"2023-06-20 10:56:16.2",1744,0.2708983,1,0.01,21.26,11.99,40.94
"2023-06-20 10:56:16.4",1745,-0.3372822,1,0.011,21.26,11.99,40.94
"2023-06-20 10:56:16.6",1746,-0.3372812,1,0.01,21.26,11.98,40.9
"2023-06-20 10:56:16.8",1747,0.5749879,1,0.011,21.26,11.99,40.9
"2023-06-20 10:56:17",1748,-0.03319144,1,0.01,21.26,11.98,40.94
"2023-06-20 10:56:17.2",1749,0.2708983,1,0.01,21.26,11.98,40.9
"2023-06-20 10:56:17.4",1750,-0.03319144,1,0.011,21.26,11.99,40.9
"2023-06-20 10:56:17.6",1751,0.2708983,1,0.01,21.26,11.99,40.9
"2023-06-20 10:56:17.8",1752,0.2708972,1,0.011,21.26,11.98,40.9
"2023-06-20 10:56:18",1753,-0.03319144,1,0.011,21.26,11.98,40.9
"2023-06-20 10:56:18.2",1754,-0.03319144,1,0.01,21.29,11.98,40.9
"2023-06-20 10:56:18.4",1755,0.2708972,1,0.011,21.26,11.99,40.9
"2023-06-20 10:56:18.6",1756,0.2708983,1,0.011,21.29,11.98,40.9
"2023-06-20 10:56:18.8",1757,-0.03319144,1,0.01,21.29,11.98,40.9
"2023-06-20 10:56:19",1758,-0.03319144,1,0.011,21.26,11.99,40.9
"2023-06-20 10:56:19.2",1759,0.2708983,1,0.011,21.29,11.98,40.9
"2023-06-20 10:56:19.4",1760,-0.03319144,1,0.01,21.29,11.98,40.9
"2023-06-20 10:56:19.6",1761,0.2708972,1,0.011,21.26,11.99,40.9
"2023-06-20 10:56:19.8",1762,-0.03319144,1,0.011,21.26,11.98,40.9
"2023-06-20 10:56:20",1763,0.2708983,1,0.01,21.26,11.99,40.9
"2023-06-20 10:56:20.2",1764,-0.03319144,1,0.011,21.26,11.99,40.9
"2023-06-20 10:56:20.4",1765,0.2708983,1,0.01,21.26,11.98,40.9
"2023-06-20 10:56:20.6",1766,-0.03319144,1,0.01,21.29,11.99,40.9
"2023-06-20 10:56:20.8",1767,-0.03319144,1,0.011,21.26,11.98,40.9
"2023-06-20 10:56:21",1768,-0.03319144,1,0.011,21.29,11.98,40.9
"2023-06-20 10:56:21.2",1769,0.2708983,1,0.01,21.29,11.99,40.9
"2023-06-20 10:56:21.4",1770,0.5749879,1,0.011,21.29,11.99,40.9
"2023-06-20 10:56:21.6",1771,0.2708983,1,0.01,21.29,11.98,40.9
"2023-06-20 10:56:21.8",1772,-0.03319144,1,0.01,21.29,11.98,40.9
"2023-06-20 10:56:22",1773,-0.6413708,1,0.011,21.29,11.98,40.9
"2023-06-20 10:56:22.2",1774,-0.3372812,1,0.01,21.29,11.99,40.9
"2023-06-20 10:56:22.4",1775,0.2708983,1,0.01,21.29,11.98,40.9
"2023-06-20 10:56:22.6",1776,-0.03319144,1,0.011,21.29,11.99,40.9
"2023-06-20 10:56:22.8",1777,-0.03319144,1,0.01,21.29,11.98,40.9
"2023-06-20 10:56:23",1778,0.2708983,1,0.01,21.29,11.99,40.9
"2023-06-20 10:56:23.2",1779,-0.6413708,1,0.011,21.29,11.98,40.9
"2023-06-20 10:56:23.4",1780,-0.3372812,1,0.01,21.29,11.98,40.9
"2023-06-20 10:56:23.6",1781,-0.6413708,1,0.011,21.29,11.99,40.9
"2023-06-20 10:56:23.8",1782,0.2708983,1,0.011,21.29,11.99,40.9
"2023-06-20 10:56:24",1783,-0.3372812,1,0.01,21.29,11.98,40.9
"2023-06-20 10:56:24.2",1784,-0.03319144,1,0.011,21.29,11.99,40.9
"2023-06-20 10:56:24.4",1785,-0.03319144,1,0.011,21.29,11.99,40.9
"2023-06-20 10:56:24.6",1786,-0.3372812,1,0.01,21.29,11.98,40.9
"2023-06-20 10:56:24.8",1787,-0.03319144,1,0.011,21.29,11.99,40.9
"2023-06-20 10:56:25",1788,0.2708983,1,0.011,21.29,11.99,40.9
"2023-06-20 10:56:25.2",1789,-0.03319144,1,0.01,21.29,11.98,40.9
"2023-06-20 10:56:25.4",1790,-0.03319144,1,0.011,21.29,11.98,40.9
"2023-06-20 10:56:25.6",1791,-0.3372812,1,0.011,21.29,11.98,40.9
"2023-06-20 10:56:25.8",1792,-0.03319144,1,0.01,21.29,11.99,40.9
"2023-06-20 10:56:26",1793,-0.03319144,1,0.011,21.29,11.99,40.9
"2023-06-20 10:56:26.2",1794,0.2708983,1,0.011,21.29,11.98,40.9
"2023-06-20 10:56:26.4",1795,-0.03319144,1,0.01,21.29,11.98,40.9
"2023-06-20 10:56:26.6",1796,-0.03319144,1,0.011,21.29,11.98,40.9
"2023-06-20 10:56:26.8",1797,-0.03319144,1,0.011,21.29,11.98,40.9
"2023-06-20 10:56:27",1798,-0.03319144,1,0.01,21.29,11.99,40.9
"2023-06-20 10:56:27.2",1799,-0.03319144,1,0.011,21.29,11.98,40.9
"2023-06-20 10:56:27.4",1800,-0.03319144,1,0.011,21.31,11.98,40.9
"2023-06-20 10:56:27.6",1801,0.2708983,1,0.01,21.31,11.98,40.9
"2023-06-20 10:56:27.8",1802,0.5749879,1,0.011,21.31,11.98,40.9
"2023-06-20 10:56:28",1803,0.2708983,1,0.011,21.31,11.99,40.9
"2023-06-20 10:56:28.2",1804,0.2708983,1,0.01,21.31,11.98,40.9
"2023-06-20 10:56:28.4",1805,-0.03319144,1,0.011,21.31,11.99,40.9
"2023-06-20 10:56:28.6",1806,-0.03319144,1,0.011,21.31,11.98,40.9
"2023-06-20 10:56:28.8",1807,-0.03319144,1,0.01,21.31,11.99,40.9
"2023-06-20 10:56:29",1808,-0.3372822,1,0.011,21.31,11.99,40.9
"2023-06-20 10:56:29.2",1809,-0.03319144,1,0.011,21.31,11.99,40.9
"2023-06-20 10:56:29.4",1810,-0.03319144,1,0.01,21.31,11.99,40.9
"2023-06-20 10:56:29.6",1811,0.2708972,1,0.011,21.31,11.99,40.9
"2023-06-20 10:56:29.8",1812,-0.03319144,1,0.011,21.31,11.98,40.9
"2023-06-20 10:56:30",1813,-0.3372812,1,0.01,21.31,11.98,40.9
"2023-06-20 10:56:30.2",1814,-0.03319144,1,0.011,21.31,11.99,40.9
"2023-06-20 10:56:30.4",1815,-0.03319144,1,0.011,21.31,11.99,40.9
"2023-06-20 10:56:30.6",1816,0.2708983,1,0.01,21.31,11.99,40.9
"2023-06-20 10:56:30.8",1817,-0.03319144,1,0.011,21.31,11.99,40.87
"2023-06-20 10:56:31",1818,-0.03319144,1,0.011,21.31,11.98,40.9
"2023-06-20 10:56:31.2",1819,-0.03319144,1,0.01,21.31,11.98,40.9
"2023-06-20 10:56:31.4",1820,-0.03319144,1,0.011,21.31,11.99,40.9
"2023-06-20 10:56:31.6",1821,0.2708983,1,0.011,21.31,11.99,40.9
"2023-06-20 10:56:31.8",1822,-0.03319144,1,0.01,21.31,11.99,40.9
"2023-06-20 10:56:32",1823,-0.03319144,1,0.011,21.31,11.98,40.9
"2023-06-20 10:56:32.2",1824,0.2708983,1,0.011,21.31,11.98,40.9
"2023-06-20 10:56:32.4",1825,0.2708983,1,0.01,21.31,11.98,40.9
"2023-06-20 10:56:32.6",1826,0.2708972,1,0.011,21.31,11.99,40.9
"2023-06-20 10:56:32.8",1827,0.2708983,1,0.01,21.31,11.99,40.87
"2023-06-20 10:56:33",1828,-0.03319144,1,0.01,21.31,11.99,40.87
"2023-06-20 10:56:33.2",1829,0.2708972,1,0.011,21.31,11.98,40.9
"2023-06-20 10:56:33.4",1830,-0.03319144,1,0.01,21.31,11.99,40.9
"2023-06-20 10:56:33.6",1831,-0.03319144,1,0.01,21.31,11.99,40.87
"2023-06-20 10:56:33.8",1832,-0.03319144,1,0.011,21.31,11.98,40.87
"2023-06-20 10:56:34",1833,0.2708983,1,0.01,21.31,11.98,40.9
"2023-06-20 10:56:34.2",1834,-0.3372812,1,0.01,21.31,11.98,40.9
"2023-06-20 10:56:34.4",1835,-0.03319144,1,0.011,21.31,11.98,40.87
"2023-06-20 10:56:34.6",1836,-0.03319144,1,0.01,21.31,11.99,40.87
"2023-06-20 10:56:34.8",1837,0.2708983,1,0.01,21.31,11.99,40.87
"2023-06-20 10:56:35",1838,-0.03319144,1,0.011,21.31,11.99,40.9
"2023-06-20 10:56:35.2",1839,-0.03319144,1,0.01,21.31,11.99,40.87
"2023-06-20 10:56:35.4",1840,-0.03319144,1,0.01,21.31,11.98,40.9
"2023-06-20 10:56:35.6",1841,-0.03319144,1,0.011,21.31,11.99,40.87
"2023-06-20 10:56:35.8",1842,0.2708983,1,0.01,21.31,11.98,40.87
"2023-06-20 10:56:36",1843,-0.03319144,1,0.01,21.31,11.98,40.87
"2023-06-20 10:56:36.2",1844,0.5749238,1,0.011,21.31,11.99,40.87
"2023-06-20 10:56:36.4",1845,-0.337326,1,0.01,21.31,11.98,40.87
"2023-06-20 10:56:36.6",1846,-0.337326,1,0.01,21.31,11.99,40.9
"2023-06-20 10:56:36.8",1847,0.2708416,1,0.011,21.31,11.99,40.87
"2023-06-20 10:56:37",1848,-0.337326,1,0.01,21.31,11.98,40.87
"2023-06-20 10:56:37.2",1849,-0.6414094,1,0.011,21.31,11.98,40.87
"2023-06-20 10:56:37.4",1850,-0.0332427,1,0.011,21.31,11.98,40.87
"2023-06-20 10:56:37.6",1851,-0.0332427,1,0.01,21.31,11.99,40.9
"2023-06-20 10:56:37.8",1852,-0.6414094,1,0.011,21.31,11.99,40.9
"2023-06-20 10:56:38",1853,-0.0332427,1,0.011,21.31,11.99,40.87
"2023-06-20 10:56:38.2",1854,-0.0332427,1,0.01,21.31,11.98,40.87
"2023-06-20 10:56:38.4",1855,-0.337326,1,0.01,21.31,11.99,40.87
"2023-06-20 10:56:38.6",1856,-0.0332427,1,0.011,21.31,11.99,40.87
"2023-06-20 10:56:38.8",1857,-0.0332427,1,0.01,21.31,11.99,40.87
"2023-06-20 10:56:39",1858,-0.0332427,1,0.009,21.31,11.98,40.87
"2023-06-20 10:56:39.2",1859,-0.0332427,1,0.011,21.31,11.99,40.87
"2023-06-20 10:56:39.4",1860,-0.0332427,1,0.01,21.31,11.99,40.87
"2023-06-20 10:56:39.6",1861,-0.0332427,1,0.011,21.31,11.98,40.87
"2023-06-20 10:56:39.8",1862,-0.337326,1,0.011,21.34,11.99,40.87
"2023-06-20 10:56:40",1863,0.2708416,1,0.01,21.31,11.99,40.87
"2023-06-20 10:56:40.2",1864,-0.3373251,1,0.011,21.34,11.98,40.87
"2023-06-20 10:56:40.4",1865,0.2708416,1,0.01,21.34,11.98,40.87
"2023-06-20 10:56:40.6",1866,0.2708416,1,0.01,21.31,11.98,40.87
"2023-06-20 10:56:40.8",1867,-0.0332427,1,0.011,21.34,11.98,40.87
"2023-06-20 10:56:41",1868,-0.0332427,1,0.01,21.34,11.98,40.87
"2023-06-20 10:56:41.2",1869,-0.0332427,1,0.011,21.34,11.99,40.87
"2023-06-20 10:56:41.4",1870,-0.337326,1,0.011,21.34,11.99,40.87
"2023-06-20 10:56:41.6",1871,-0.0332427,1,0.01,21.34,11.99,40.87
"2023-06-20 10:56:41.8",1872,-0.0332427,1,0.011,21.34,11.98,40.87
"2023-06-20 10:56:42",1873,-0.0332427,1,0.011,21.34,11.99,40.87
"2023-06-20 10:56:42.2",1874,0.2708416,1,0.01,21.34,11.98,40.87
"2023-06-20 10:56:42.4",1875,0.5749238,1,0.011,21.34,11.98,40.87
"2023-06-20 10:56:42.6",1876,-0.0332427,1,0.011,21.34,11.99,40.87
"2023-06-20 10:56:42.8",1877,-0.0332427,1,0.01,21.34,11.99,40.87
"2023-06-20 10:56:43",1878,0.2708416,1,0.011,21.34,11.98,40.87
"2023-06-20 10:56:43.2",1879,-0.0332427,1,0.011,21.34,11.98,40.87
"2023-06-20 10:56:43.4",1880,-0.337326,1,0.01,21.34,11.99,40.87
"2023-06-20 10:56:43.6",1881,-0.0332427,1,0.011,21.34,11.98,40.87
"2023-06-20 10:56:43.8",1882,-0.337326,1,0.011,21.34,11.99,40.87
"2023-06-20 10:56:44",1883,-0.0332427,1,0.01,21.34,11.99,40.87
"2023-06-20 10:56:44.2",1884,-0.3373272,1,0.011,21.34,11.99,40.87
"2023-06-20 10:56:44.4",1885,-0.0332427,1,0.011,21.34,11.98,40.87
"2023-06-20 10:56:44.6",1886,-0.0332427,1,0.01,21.34,11.98,40.87
"2023-06-20 10:56:44.8",1887,-0.0332427,1,0.01,21.34,11.99,40.87
"2023-06-20 10:56:45",1888,-0.0332427,1,0.011,21.34,11.98,40.87
"2023-06-20 10:56:45.2",1889,-0.337326,1,0.01,21.34,11.99,40.87
"2023-06-20 10:56:45.4",1890,-0.337326,1,0.01,21.34,11.99,40.87
"2023-06-20 10:56:45.6",1891,-0.0332427,1,0.011,21.34,11.99,40.87
"2023-06-20 10:56:45.8",1892,-0.0332427,1,0.01,21.34,11.99,40.87
"2023-06-20 10:56:46",1893,0.2708416,1,0.01,21.34,11.98,40.87
"2023-06-20 10:56:46.2",1894,-0.6414094,1,0.011,21.34,11.99,40.87
"2023-06-20 10:56:46.4",1895,-0.0332427,1,0.01,21.34,11.99,40.87
"2023-06-20 10:56:46.6",1896,0.2708416,1,0.01,21.34,11.99,40.87
"2023-06-20 10:56:46.8",1897,-0.0332427,1,0.011,21.34,11.99,40.87
"2023-06-20 10:56:47",1898,-0.0332427,1,0.01,21.34,11.98,40.87
"2023-06-20 10:56:47.2",1899,-0.0332427,1,0.01,21.34,11.98,40.87
"2023-06-20 10:56:47.4",1900,-0.0332427,1,0.011,21.34,11.99,40.87
"2023-06-20 10:56:47.6",1901,-0.0332427,1,0.011,21.34,11.99,40.87
"2023-06-20 10:56:47.8",1902,0.2708416,1,0.01,21.34,11.98,40.87
"2023-06-20 10:56:48",1903,-0.0332427,1,0.011,21.34,11.98,40.87
"2023-06-20 10:56:48.2",1904,-0.0332427,1,0.011,21.34,11.99,40.87
"2023-06-20 10:56:48.4",1905,-0.0332427,1,0.01,21.34,11.99,40.87
"2023-06-20 10:56:48.6",1906,-0.0332427,1,0.011,21.34,11.98,40.87
"2023-06-20 10:56:48.8",1907,-0.337326,1,0.011,21.37,11.99,40.87
"2023-06-20 10:56:49",1908,-0.337326,1,0.01,21.34,11.98,40.87
"2023-06-20 10:56:49.2",1909,0.2708395,1,0.011,21.34,11.99,40.87
"2023-06-20 10:56:49.4",1910,-0.0332427,1,0.011,21.34,11.99,40.87
"2023-06-20 10:56:49.6",1911,-0.337326,1,0.01,21.34,11.99,40.87
"2023-06-20 10:56:49.8",1912,-0.0332427,1,0.011,21.37,11.98,40.87
"2023-06-20 10:56:50",1913,0.2708416,1,0.011,21.34,11.98,40.87
"2023-06-20 10:56:50.2",1914,0.2708416,1,0.01,21.37,11.98,40.87
"2023-06-20 10:56:50.4",1915,-0.0332427,1,0.011,21.37,11.99,40.87
"2023-06-20 10:56:50.6",1916,-0.0332427,1,0.011,21.37,11.98,40.87
"2023-06-20 10:56:50.8",1917,-0.0332427,1,0.01,21.37,11.99,40.87
"2023-06-20 10:56:51",1918,0.5749238,1,0.011,21.37,11.98,40.87
"2023-06-20 10:56:51.2",1919,-0.0332427,1,0.011,21.37,11.99,40.87
"2023-06-20 10:56:51.4",1920,-0.337326,1,0.01,21.37,11.99,40.87
"2023-06-20 10:56:51.6",1921,-0.0332427,1,0.011,21.37,11.98,40.87
"2023-06-20 10:56:51.8",1922,-0.337326,1,0.011,21.37,11.99,40.87
"2023-06-20 10:56:52",1923,-0.0332427,1,0.01,21.37,11.99,40.87
"2023-06-20 10:56:52.2",1924,-0.0332427,1,0.011,21.37,11.98,40.87
"2023-06-20 10:56:52.4",1925,-0.0332427,1,0.011,21.37,11.98,40.87
"2023-06-20 10:56:52.6",1926,0.2708404,1,0.01,21.37,11.98,40.87
"2023-06-20 10:56:52.8",1927,-0.0332427,1,0.011,21.37,11.98,40.87
"2023-06-20 10:56:53",1928,-0.0332427,1,0.011,21.37,11.99,40.87
"2023-06-20 10:56:53.2",1929,-0.0332427,1,0.01,21.37,11.98,40.87
"2023-06-20 10:56:53.4",1930,0.2708395,1,0.012,21.37,11.98,40.87
"2023-06-20 10:56:53.6",1931,-0.0332427,1,0.011,21.37,11.99,40.87
"2023-06-20 10:56:53.8",1932,-0.0332427,1,0.011,21.37,11.99,40.87
"2023-06-20 10:56:54",1933,-0.0332427,1,0.01,21.37,11.98,40.87
"2023-06-20 10:56:54.2",1934,-0.0332427,1,0.011,21.37,11.98,40.87
"2023-06-20 10:56:54.4",1935,-0.0332427,1,0.011,21.37,11.99,40.87
"2023-06-20 10:56:54.6",1936,-0.0332427,1,0.01,21.37,11.98,40.87
"2023-06-20 10:56:54.8",1937,-0.0332427,1,0.011,21.37,11.98,40.87
"2023-06-20 10:56:55",1938,-0.337326,1,0.011,21.37,11.98,40.87
"2023-06-20 10:56:55.2",1939,-0.0332427,1,0.01,21.37,11.99,40.87
"2023-06-20 10:56:55.4",1940,0.2708395,1,0.012,21.37,11.99,40.87
"2023-06-20 10:56:55.6",1941,-0.0332427,1,0.011,21.37,11.99,40.87
"2023-06-20 10:56:55.8",1942,-0.0332427,1,0.011,21.37,11.99,40.87
"2023-06-20 10:56:56",1943,-0.337326,1,0.01,21.37,11.99,40.87
"2023-06-20 10:56:56.2",1944,-0.0332427,1,0.011,21.37,11.98,40.87
"2023-06-20 10:56:56.4",1945,-0.337326,1,0.01,21.37,11.99,40.87
"2023-06-20 10:56:56.6",1946,0.2708416,1,0.01,21.37,11.98,40.87
"2023-06-20 10:56:56.8",1947,-0.0332427,1,0.011,21.37,11.98,40.87
"2023-06-20 10:56:57",1948,-0.337326,1,0.01,21.37,11.98,40.87
"2023-06-20 10:56:57.2",1949,-0.3373272,1,0.012,21.37,11.99,40.87
"2023-06-20 10:56:57.4",1950,0.2708416,1,0.011,21.37,11.99,40.87
"2023-06-20 10:56:57.6",1951,-0.0332427,1,0.01,21.37,11.98,40.87
"2023-06-20 10:56:57.8",1952,-0.0332427,1,0.01,21.37,11.98,40.87
"2023-06-20 10:56:58",1953,-0.6414094,1,0.011,21.37,11.98,40.87
"2023-06-20 10:56:58.2",1954,-0.337326,1,0.01,21.37,11.98,40.87
"2023-06-20 10:56:58.4",1955,-0.337326,1,0.01,21.37,11.99,40.87
"2023-06-20 10:56:58.6",1956,-0.0332427,1,0.011,21.37,11.99,40.87
"2023-06-20 10:56:58.8",1957,-0.0332427,1,0.01,21.37,11.99,40.87
"2023-06-20 10:56:59",1958,-0.337326,1,0.01,21.37,11.99,40.87
"2023-06-20 10:56:59.2",1959,-0.0332427,1,0.011,21.37,11.99,40.87
"2023-06-20 10:56:59.4",1960,-0.337326,1,0.01,21.37,11.99,40.87
"2023-06-20 10:56:59.6",1961,0.2708416,1,0.011,21.37,11.99,40.87
"2023-06-20 10:56:59.8",1962,-0.0332427,1,0.011,21.37,11.99,40.87
"2023-06-20 10:57:00",1963,-0.337326,1,0.01,21.37,11.98,40.87
"2023-06-20 10:57:00.2",1964,-0.0332427,1,0.011,21.37,11.98,40.87
"2023-06-20 10:57:00.4",1965,-0.0332427,1,0.011,21.4,11.99,40.87
"2023-06-20 10:57:00.6",1966,-0.337326,1,0.01,21.37,11.98,40.87
"2023-06-20 10:57:00.8",1967,-0.3373272,1,0.011,21.4,11.98,40.87
"2023-06-20 10:57:01",1968,-0.337326,1,0.011,21.4,11.98,40.84
"2023-06-20 10:57:01.2",1969,-0.0332427,1,0.01,21.37,11.99,40.84
"2023-06-20 10:57:01.4",1970,-0.0332427,1,0.011,21.4,11.99,40.84
"2023-06-20 10:57:01.6",1971,-0.0332427,1,0.011,21.37,11.98,40.87
"2023-06-20 10:57:01.8",1972,-0.0332427,1,0.01,21.4,11.98,40.87
"2023-06-20 10:57:02",1973,-0.0332427,1,0.01,21.37,11.99,40.87
"2023-06-20 10:57:02.2",1974,-0.6414094,1,0.011,21.4,11.98,40.84
"2023-06-20 10:57:02.4",1975,-0.337326,1,0.01,21.37,11.98,40.87
"2023-06-20 10:57:02.6",1976,-0.0332427,1,0.01,21.4,11.98,40.84
"2023-06-20 10:57:02.8",1977,-0.0332427,1,0.011,21.37,11.98,40.84
"2023-06-20 10:57:03",1978,-0.337326,1,0.01,21.37,11.99,40.87
"2023-06-20 10:57:03.2",1979,-0.0332427,1,0.01,21.37,11.99,40.84
"2023-06-20 10:57:03.4",1980,-0.0332427,1,0.011,21.4,11.98,40.84
"2023-06-20 10:57:03.6",1981,-0.0332427,1,0.011,21.4,11.98,40.84
"2023-06-20 10:57:03.8",1982,-0.337326,1,0.01,21.4,11.99,40.84
"2023-06-20 10:57:04",1983,0.5749238,1,0.011,21.4,11.98,40.84
"2023-06-20 10:57:04.2",1984,-0.337326,1,0.01,21.37,11.99,40.84
"2023-06-20 10:57:04.4",1985,0.2708416,1,0.01,21.4,11.98,40.84
"2023-06-20 10:57:04.6",1986,-0.0332427,1,0.011,21.4,11.99,40.84
"2023-06-20 10:57:04.8",1987,0.2708416,1,0.01,21.4,11.99,40.84
"2023-06-20 10:57:05",1988,0.2708416,1,0.011,21.4,11.98,40.84
"2023-06-20 10:57:05.2",1989,0.2708416,1,0.011,21.4,11.98,40.84
"2023-06-20 10:57:05.4",1990,-0.0332427,1,0.01,21.37,11.99,40.84
"2023-06-20 10:57:05.6",1991,-0.0332427,1,0.011,21.4,11.98,40.84
"2023-06-20 10:57:05.8",1992,-0.0332427,1,0.011,21.4,11.98,40.84
"2023-06-20 10:57:06",1993,-0.337326,1,0.01,21.4,11.99,40.84
"2023-06-20 10:57:06.2",1994,-0.0332427,1,0.011,21.4,11.99,40.84
"2023-06-20 10:57:06.4",1995,-0.0332427,1,0.011,21.4,11.99,40.84
"2023-06-20 10:57:06.6",1996,0.2708416,1,0.01,21.4,11.98,40.84
"2023-06-20 10:57:06.8",1997,-0.6414094,1,0.011,21.4,11.98,40.84
"2023-06-20 10:57:07",1998,-0.337326,1,0.011,21.4,11.98,40.84
"2023-06-20 10:57:07.2",1999,-0.337326,1,0.01,21.4,11.99,40.84
"2023-06-20 10:57:07.4",2000,0.5749238,1,0.011,21.4,11.98,40.84
"2023-06-20 10:57:07.6",2001,0.2708416,1,0.01,21.4,11.99,40.84
"2023-06-20 10:57:07.8",2002,0.2708416,1,0.01,21.4,11.98,40.84
"2023-06-20 10:57:08",2003,0.5749238,1,0.011,21.4,11.98,40.84
"2023-06-20 10:57:08.2",2004,0.2708416,1,0.01,21.4,11.98,40.84
"2023-06-20 10:57:08.4",2005,-0.0332427,1,0.011,21.4,11.98,40.84
"2023-06-20 10:57:08.6",2006,-0.0332427,1,0.011,21.4,11.98,40.84
"2023-06-20 10:57:08.8",2007,-0.0332427,1,0.01,21.4,11.98,40.84
"2023-06-20 10:57:09",2008,-0.0332427,1,0.01,21.4,11.99,40.84
"2023-06-20 10:57:09.2",2009,-0.0332427,1,0.011,21.4,11.98,40.84
"2023-06-20 10:57:09.4",2010,-0.0332427,1,0.011,21.4,11.99,40.84
"2023-06-20 10:57:09.6",2011,0.2708416,1,0.01,21.4,11.99,40.84
"2023-06-20 10:57:09.8",2012,0.5749238,1,0.011,21.4,11.99,40.84
"2023-06-20 10:57:10",2013,0.2708416,1,0.01,21.4,11.99,40.8
"2023-06-20 10:57:10.2",2014,-0.0332427,1,0.01,21.4,11.98,40.84
"2023-06-20 10:57:10.4",2015,-0.0332427,1,0.011,21.4,11.98,40.8
"2023-06-20 10:57:10.6",2016,-0.0332427,1,0.011,21.4,11.99,40.8
"2023-06-20 10:57:10.8",2017,-0.0332427,1,0.01,21.4,11.98,40.8
"2023-06-20 10:57:11",2018,0.5749238,1,0.011,21.4,11.98,40.84
"2023-06-20 10:57:11.2",2019,-0.0332427,1,0.011,21.4,11.99,40.84
"2023-06-20 10:57:11.4",2020,-0.337326,1,0.01,21.4,11.98,40.84
"2023-06-20 10:57:11.6",2021,0.5749238,1,0.011,21.4,11.99,40.8
"2023-06-20 10:57:11.8",2022,-0.0332427,1,0.011,21.4,11.99,40.8
"2023-06-20 10:57:12",2023,-0.0332427,1,0.01,21.42,11.98,40.84
"2023-06-20 10:57:12.2",2024,-0.0332427,1,0.011,21.42,11.98,40.8
"2023-06-20 10:57:12.4",2025,-0.337326,1,0.011,21.4,11.99,40.8
"2023-06-20 10:57:12.6",2026,-0.0332427,1,0.01,21.42,11.98,40.8
"2023-06-20 10:57:12.8",2027,-0.0332427,1,0.011,21.42,11.99,40.8
"2023-06-20 10:57:13",2028,-0.337326,1,0.011,21.42,11.98,40.8
"2023-06-20 10:57:13.2",2029,-0.0332427,1,0.01,21.42,11.98,40.84
"2023-06-20 10:57:13.4",2030,-0.0332427,1,0.011,21.42,11.99,40.84
"2023-06-20 10:57:13.6",2031,-0.0332427,1,0.011,21.42,11.99,40.8
"2023-06-20 10:57:13.8",2032,-0.0332427,1,0.01,21.42,11.98,40.8
"2023-06-20 10:57:14",2033,-0.337326,1,0.01,21.42,11.98,40.8
"2023-06-20 10:57:14.2",2034,-0.0332427,1,0.011,21.42,11.99,40.8
"2023-06-20 10:57:14.4",2035,0.2708416,1,0.01,21.42,11.99,40.8
"2023-06-20 10:57:14.6",2036,0.2708416,1,0.011,21.42,11.98,40.8
"2023-06-20 10:57:14.8",2037,-0.0332427,1,0.011,21.42,11.98,40.8
"2023-06-20 10:57:15",2038,0.2708416,1,0.01,21.42,11.99,40.8
"2023-06-20 10:57:15.2",2039,0.2708416,1,0.011,21.42,11.98,40.8
"2023-06-20 10:57:15.4",2040,-0.337326,1,0.01,21.42,11.99,40.8
"2023-06-20 10:57:15.6",2041,-0.337326,1,0.01,21.42,11.98,40.8
"2023-06-20 10:57:15.8",2042,-0.3373272,1,0.011,21.42,11.98,40.8
"2023-06-20 10:57:16",2043,-0.0332427,1,0.011,21.42,11.99,40.8
"2023-06-20 10:57:16.2",2044,-0.337326,1,0.01,21.42,11.98,40.8
"2023-06-20 10:57:16.4",2045,0.2708416,1,0.011,21.42,11.98,40.8
"2023-06-20 10:57:16.6",2046,-0.0332427,1,0.01,21.42,11.99,40.8
"2023-06-20 10:57:16.8",2047,-0.0332427,1,0.01,21.42,11.99,40.8
"2023-06-20 10:57:17",2048,-0.0332427,1,0.011,21.42,11.98,40.8
"2023-06-20 10:57:17.2",2049,0.2708416,1,0.01,21.42,11.99,40.8
"2023-06-20 10:57:17.4",2050,0.2708416,1,0.01,21.42,11.98,40.8
"2023-06-20 10:57:17.6",2051,-0.0332427,1,0.011,21.42,11.99,40.8
"2023-06-20 10:57:17.8",2052,0.2708416,1,0.01,21.42,11.99,40.8
"2023-06-20 10:57:18",2053,-0.0332427,1,0.011,21.42,11.98,40.8
"2023-06-20 10:57:18.2",2054,0.2708416,1,0.011,21.42,11.98,40.8
"2023-06-20 10:57:18.4",2055,-0.0332427,1,0.01,21.42,11.98,40.8
"2023-06-20 10:57:18.6",2056,-0.0332427,1,0.011,21.42,11.99,40.8
"2023-06-20 10:57:18.8",2057,-0.0332427,1,0.011,21.42,11.98,40.8
"2023-06-20 10:57:19",2058,-0.337326,1,0.01,21.42,11.98,40.8
"2023-06-20 10:57:19.2",2059,-0.0332427,1,0.011,21.42,11.98,40.8
"2023-06-20 10:57:19.4",2060,-0.0332427,1,0.011,21.42,11.99,40.8
"2023-06-20 10:57:19.6",2061,-0.0332427,1,0.01,21.42,11.99,40.8
"2023-06-20 10:57:19.8",2062,0.2708416,1,0.01,21.42,11.99,40.8
"2023-06-20 10:57:20",2063,-0.0332427,1,0.011,21.42,11.98,40.8
"2023-06-20 10:57:20.2",2064,-0.337326,1,0.01,21.42,11.98,40.8
"2023-06-20 10:57:20.4",2065,-0.0332427,1,0.011,21.42,11.98,40.8
"2023-06-20 10:57:20.6",2066,-0.337326,1,0.011,21.42,11.99,40.8
"2023-06-20 10:57:20.8",2067,-0.0332427,1,0.01,21.42,11.98,40.8
"2023-06-20 10:57:21",2068,0.5749238,1,0.011,21.42,11.99,40.8
"2023-06-20 10:57:21.2",2069,-0.0332427,1,0.011,21.42,11.99,40.8
"2023-06-20 10:57:21.4",2070,-0.0332427,1,0.01,21.42,11.98,40.8
"2023-06-20 10:57:21.6",2071,-0.337326,1,0.01,21.42,11.98,40.8
"2023-06-20 10:57:21.8",2072,-0.6414094,1,0.011,21.42,11.98,40.8
"2023-06-20 10:57:22",2073,-0.0332427,1,0.01,21.42,11.98,40.8
"2023-06-20 10:57:22.2",2074,-0.0332427,1,0.01,21.42,11.98,40.8
"2023-06-20 10:57:22.4",2075,0.5749238,1,0.011,21.42,11.98,40.8
"2023-06-20 10:57:22.6",2076,-0.337326,1,0.01,21.42,11.98,40.8
"2023-06-20 10:57:22.8",2077,-0.0332427,1,0.01,21.42,11.99,40.8
"2023-06-20 10:57:23",2078,-0.0332427,1,0.011,21.42,11.98,40.8
"2023-06-20 10:57:23.2",2079,0.2708416,1,0.01,21.42,11.98,40.8
"2023-06-20 10:57:23.4",2080,-0.0332427,1,0.01,21.42,11.99,40.8
"2023-06-20 10:57:23.6",2081,-0.0332427,1,0.011,21.42,11.98,40.8
"2023-06-20 10:57:23.8",2082,-0.0332427,1,0.011,21.42,11.99,40.8
"2023-06-20 10:57:24",2083,-0.0332427,1,0.01,21.42,11.98,40.8
"2023-06-20 10:57:24.2",2084,0.2708395,1,0.011,21.42,11.98,40.8
"2023-06-20 10:57:24.4",2085,-0.0332427,1,0.011,21.42,11.98,40.8
"2023-06-20 10:57:24.6",2086,-0.337326,1,0.01,21.42,11.99,40.8
"2023-06-20 10:57:24.8",2087,0.5749238,1,0.011,21.42,11.98,40.8
"2023-06-20 10:57:25",2088,0.2708416,1,0.01,21.42,11.98,40.8
"2023-06-20 10:57:25.2",2089,0.2708416,1,0.01,21.42,11.99,40.8
"2023-06-20 10:57:25.4",2090,-0.0332427,1,0.011,21.42,11.98,40.8
"2023-06-20 10:57:25.6",2091,-0.0332427,1,0.01,21.42,11.98,40.8
"2023-06-20 10:57:25.8",2092,-0.0332427,1,0.01,21.42,11.98,40.8
"2023-06-20 10:57:26",2093,0.2708416,1,0.011,21.42,11.99,40.8
"2023-06-20 10:57:26.2",2094,0.2708416,1,0.01,21.42,11.98,40.8
"2023-06-20 10:57:26.4",2095,-0.0332427,1,0.011,21.42,11.99,40.8
"2023-06-20 10:57:26.6",2096,0.2708416,1,0.011,21.45,11.98,40.77
"2023-06-20 10:57:26.8",2097,-0.0332427,1,0.01,21.45,11.98,40.77
"2023-06-20 10:57:27",2098,-0.3373272,1,0.012,21.42,11.99,40.77
"2023-06-20 10:57:27.2",2099,-0.337326,1,0.011,21.45,11.99,40.77
"2023-06-20 10:57:27.4",2100,-0.0332427,1,0.01,21.45,11.99,40.8
"2023-06-20 10:57:27.6",2101,-0.337326,1,0.01,21.45,11.98,40.8
"2023-06-20 10:57:27.8",2102,-0.3373272,1,0.011,21.45,11.99,40.77
"2023-06-20 10:57:28",2103,-0.337326,1,0.01,21.45,11.98,40.8
"2023-06-20 10:57:28.2",2104,-0.03319144,1,0.01,21.45,11.98,40.77
"2023-06-20 10:57:28.4",2105,0.2708972,1,0.011,21.45,11.99,40.77
"2023-06-20 10:57:28.6",2106,0.2708983,1,0.01,21.45,11.99,40.8
"2023-06-20 10:57:28.8",2107,-0.03319144,1,0.011,21.45,11.98,40.8
"2023-06-20 10:57:29",2108,-0.03319144,1,0.011,21.45,11.98,40.77
"2023-06-20 10:57:29.2",2109,-0.3372812,1,0.01,21.45,11.98,40.8
"2023-06-20 10:57:29.4",2110,-0.03319144,1,0.011,21.45,11.98,40.77
"2023-06-20 10:57:29.6",2111,-0.3372812,1,0.011,21.45,11.98,40.77
"2023-06-20 10:57:29.8",2112,-0.03319144,1,0.01,21.45,11.98,40.77
"2023-06-20 10:57:30",2113,-0.03319144,1,0.011,21.45,11.99,40.77
"2023-06-20 10:57:30.2",2114,-0.03319144,1,0.011,21.45,11.98,40.77
"2023-06-20 10:57:30.4",2115,-0.03319144,1,0.01,21.45,11.98,40.77
"2023-06-20 10:57:30.6",2116,0.2708983,1,0.01,21.45,11.99,40.77
"2023-06-20 10:57:30.8",2117,-0.3372822,1,0.011,21.45,11.98,40.77
"2023-06-20 10:57:31",2118,-0.03319144,1,0.011,21.45,11.98,40.77
"2023-06-20 10:57:31.2",2119,-0.03319144,1,0.01,21.45,11.98,40.77
"2023-06-20 10:57:31.4",2120,-0.3372822,1,0.011,21.45,11.98,40.77
"2023-06-20 10:57:31.6",2121,0.2708983,1,0.011,21.45,11.98,40.77
"2023-06-20 10:57:31.8",2122,0.2708983,1,0.01,21.45,11.99,40.77
"2023-06-20 10:57:32",2123,0.5749879,1,0.011,21.45,11.99,40.77
"2023-06-20 10:57:32.2",2124,-0.03319144,1,0.011,21.45,11.99,40.77
"2023-06-20 10:57:32.4",2125,0.2708983,1,0.01,21.45,11.98,40.77
"2023-06-20 10:57:32.6",2126,-0.03319144,1,0.011,21.45,11.98,40.77
"2023-06-20 10:57:32.8",2127,-0.03319144,1,0.011,21.45,11.99,40.77
"2023-06-20 10:57:33",2128,0.2708983,1,0.01,21.45,11.99,40.77
"2023-06-20 10:57:33.2",2129,-0.03319144,1,0.011,21.45,11.98,40.77
"2023-06-20 10:57:33.4",2130,-0.03319144,1,0.011,21.45,11.98,40.77
"2023-06-20 10:57:33.6",2131,0.2708983,1,0.01,21.45,11.98,40.77
"2023-06-20 10:57:33.8",2132,0.5749879,1,0.011,21.45,11.98,40.77
"2023-06-20 10:57:34",2133,-0.03319144,1,0.011,21.45,11.98,40.77
"2023-06-20 10:57:34.2",2134,-0.3372812,1,0.01,21.45,11.98,40.77
"2023-06-20 10:57:34.4",2135,-0.03319144,1,0.011,21.45,11.98,40.77
"2023-06-20 10:57:34.6",2136,0.2708983,1,0.011,21.45,11.98,40.77
"2023-06-20 10:57:34.8",2137,-0.03319144,1,0.01,21.45,11.98,40.77
"2023-06-20 10:57:35",2138,0.2708972,1,0.011,21.45,11.98,40.74
"2023-06-20 10:57:35.2",2139,-0.03319144,1,0.011,21.45,11.99,40.77
"2023-06-20 10:57:35.4",2140,0.2708993,1,0.01,21.45,11.99,40.77
"2023-06-20 10:57:35.6",2141,-0.03319144,1,0.011,21.45,11.98,40.77
"2023-06-20 10:57:35.8",2142,-0.3372812,1,0.01,21.45,11.98,40.77
"2023-06-20 10:57:36",2143,-0.03319144,1,0.01,21.45,11.98,40.77
"2023-06-20 10:57:36.2",2144,0.2708972,1,0.011,21.45,11.98,40.74
"2023-06-20 10:57:36.4",2145,-0.03319144,1,0.011,21.45,11.98,40.77
"2023-06-20 10:57:36.6",2146,-0.3372812,1,0.01,21.45,11.98,40.77
"2023-06-20 10:57:36.8",2147,0.2708972,1,0.011,21.45,11.98,40.74
"2023-06-20 10:57:37",2148,-0.03319144,1,0.011,21.48,11.98,40.77
"2023-06-20 10:57:37.2",2149,-0.03319144,1,0.01,21.48,11.99,40.77
"2023-06-20 10:57:37.4",2150,-0.3372812,1,0.01,21.48,11.99,40.74
"2023-06-20 10:57:37.6",2151,-0.03319144,1,0.011,21.48,11.98,40.74
"2023-06-20 10:57:37.8",2152,-0.03319144,1,0.01,21.45,11.98,40.77
"2023-06-20 10:57:38",2153,-0.03319144,1,0.01,21.45,11.98,40.74
"2023-06-20 10:57:38.2",2154,0.2708972,1,0.011,21.48,11.98,40.77
"2023-06-20 10:57:38.4",2155,-0.03319144,1,0.011,21.48,11.98,40.74
"2023-06-20 10:57:38.6",2156,-0.3372812,1,0.01,21.48,11.98,40.74
"2023-06-20 10:57:38.8",2157,0.2708972,1,0.011,21.48,11.98,40.74
"2023-06-20 10:57:39",2158,-0.03319144,1,0.011,21.48,11.98,40.74
"2023-06-20 10:57:39.2",2159,-0.03319144,1,0.01,21.48,11.98,40.74
"2023-06-20 10:57:39.4",2160,-0.03319144,1,0.01,21.48,11.98,40.74
"2023-06-20 10:57:39.6",2161,-0.03319144,1,0.011,21.48,11.98,40.74
"2023-06-20 10:57:39.8",2162,-0.3372812,1,0.01,21.48,11.98,40.74
"2023-06-20 10:57:40",2163,-0.3372812,1,0.01,21.48,11.99,40.74
"2023-06-20 10:57:40.2",2164,-0.03319144,1,0.011,21.48,11.98,40.74
"2023-06-20 10:57:40.4",2165,-0.03319144,1,0.01,21.48,11.99,40.74
"2023-06-20 10:57:40.6",2166,0.2708993,1,0.01,21.48,11.99,40.74
"2023-06-20 10:57:40.8",2167,0.5749879,1,0.011,21.48,11.99,40.74
"2023-06-20 10:57:41",2168,-0.3372812,1,0.01,21.48,11.98,40.74
"2023-06-20 10:57:41.2",2169,-0.03319144,1,0.011,21.48,11.99,40.74
"2023-06-20 10:57:41.4",2170,-0.3372812,1,0.011,21.48,11.98,40.74
"2023-06-20 10:57:41.6",2171,-0.3372812,1,0.01,21.48,11.98,40.74
"2023-06-20 10:57:41.8",2172,0.2708972,1,0.011,21.48,11.98,40.74
"2023-06-20 10:57:42",2173,-0.03319144,1,0.011,21.48,11.98,40.74
"2023-06-20 10:57:42.2",2174,-0.03319144,1,0.01,21.48,11.99,40.74
"2023-06-20 10:57:42.4",2175,-0.03319144,1,0.01,21.48,11.98,40.74
"2023-06-20 10:57:42.6",2176,0.2708972,1,0.011,21.48,11.98,40.74
"2023-06-20 10:57:42.8",2177,-0.03319144,1,0.01,21.48,11.98,40.74
"2023-06-20 10:57:43",2178,-0.3372812,1,0.01,21.48,11.98,40.74
"2023-06-20 10:57:43.2",2179,0.2708972,1,0.011,21.48,11.99,40.74
"2023-06-20 10:57:43.4",2180,-0.3372812,1,0.01,21.48,11.98,40.74
"2023-06-20 10:57:43.6",2181,-0.03319144,1,0.01,21.48,11.98,40.74
"2023-06-20 10:57:43.8",2182,-0.03319144,1,0.011,21.48,11.99,40.74
"2023-06-20 10:57:44",2183,-0.03319144,1,0.011,21.48,11.99,40.74
"2023-06-20 10:57:44.2",2184,-0.03319144,1,0.01,21.48,11.98,40.74
"2023-06-20 10:57:44.4",2185,0.2708972,1,0.011,21.48,11.99,40.74
"2023-06-20 10:57:44.6",2186,-0.03319144,1,0.011,21.48,11.99,40.74
"2023-06-20 10:57:44.8",2187,-0.03319144,1,0.01,21.48,11.99,40.74
"2023-06-20 10:57:45",2188,-0.03319144,1,0.01,21.48,11.98,40.74
"2023-06-20 10:57:45.2",2189,-0.03319144,1,0.011,21.48,11.98,40.74
"2023-06-20 10:57:45.4",2190,-0.03319144,1,0.011,21.48,11.98,40.74
"2023-06-20 10:57:45.6",2191,-0.3372812,1,0.01,21.48,11.98,40.74
"2023-06-20 10:57:45.8",2192,0.2708972,1,0.011,21.48,11.98,40.74
"2023-06-20 10:57:46",2193,-0.03319144,1,0.011,21.48,11.98,40.74
"2023-06-20 10:57:46.2",2194,-0.03319144,1,0.01,21.48,11.98,40.74
"2023-06-20 10:57:46.4",2195,0.2708972,1,0.012,21.48,11.98,40.74
"2023-06-20 10:57:46.6",2196,0.5749891,1,0.011,21.48,11.99,40.74
"2023-06-20 10:57:46.8",2197,-0.03319144,1,0.011,21.48,11.98,40.74
"2023-06-20 10:57:47",2198,-0.03319144,1,0.01,21.48,11.99,40.74
"2023-06-20 10:57:47.2",2199,0.2708972,1,0.011,21.48,11.98,40.74
"2023-06-20 10:57:47.4",2200,-0.03319144,1,0.011,21.48,11.99,40.74
"2023-06-20 10:57:47.6",2201,-0.03319144,1,0.01,21.48,11.98,40.74
"2023-06-20 10:57:47.8",2202,-0.03319144,1,0.01,21.48,11.98,40.74
"2023-06-20 10:57:48",2203,-0.03319144,1,0.011,21.48,11.98,40.74
"2023-06-20 10:57:48.2",2204,-0.03319144,1,0.011,21.48,11.98,40.74
"2023-06-20 10:57:48.4",2205,-0.03319144,1,0.01,21.48,11.98,40.74
"2023-06-20 10:57:48.6",2206,-0.03319144,1,0.011,21.48,11.98,40.74
"2023-06-20 10:57:48.8",2207,-0.03319144,1,0.011,21.48,11.99,40.74
"2023-06-20 10:57:49",2208,-0.3372812,1,0.01,21.48,11.98,40.74
"2023-06-20 10:57:49.2",2209,-0.03319144,1,0.011,21.48,11.99,40.74
"2023-06-20 10:57:49.4",2210,-0.03319144,1,0.011,21.48,11.98,40.74
"2023-06-20 10:57:49.6",2211,-0.03319144,1,0.01,21.48,11.98,40.74
"2023-06-20 10:57:49.8",2212,-0.03319144,1,0.011,21.48,11.99,40.74
"2023-06-20 10:57:50",2213,-0.03319144,1,0.011,21.48,11.99,40.74
"2023-06-20 10:57:50.2",2214,-0.03319144,1,0.01,21.48,11.98,40.74
"2023-06-20 10:57:50.4",2215,0.2708993,1,0.01,21.48,11.99,40.74
"2023-06-20 10:57:50.6",2216,-0.03319144,1,0.011,21.48,11.99,40.74
"2023-06-20 10:57:50.8",2217,-0.03319144,1,0.01,21.51,11.98,40.74
"2023-06-20 10:57:51",2218,-0.03319144,1,0.01,21.48,11.98,40.74
"2023-06-20 10:57:51.2",2219,-0.3372822,1,0.011,21.48,11.98,40.74
"2023-06-20 10:57:51.4",2220,-0.03319144,1,0.011,21.51,11.98,40.74
"2023-06-20 10:57:51.6",2221,-0.3372812,1,0.01,21.48,11.98,40.74
"2023-06-20 10:57:51.8",2222,0.2708972,1,0.011,21.51,11.98,40.74
"2023-06-20 10:57:52",2223,-0.03319144,1,0.011,21.48,11.98,40.74
"2023-06-20 10:57:52.2",2224,-0.03319144,1,0.01,21.48,11.98,40.74
"2023-06-20 10:57:52.4",2225,-0.03319144,1,0.011,21.51,11.99,40.74
"2023-06-20 10:57:52.6",2226,-0.3372812,1,0.011,21.51,11.98,40.74
"2023-06-20 10:57:52.8",2227,-0.03319144,1,0.01,21.48,11.99,40.7
"2023-06-20 10:57:53",2228,-0.03319144,1,0.011,21.48,11.98,40.7
"2023-06-20 10:57:53.2",2229,-0.3372812,1,0.011,21.48,11.98,40.74
"2023-06-20 10:57:53.4",2230,-0.03319144,1,0.01,21.48,11.99,40.7
"2023-06-20 10:57:53.6",2231,0.2708972,1,0.011,21.51,11.98,40.74
"2023-06-20 10:57:53.8",2232,-0.03319144,1,0.011,21.48,11.98,40.74
"2023-06-20 10:57:54",2233,-0.3372812,1,0.01,21.51,11.98,40.7
"2023-06-20 10:57:54.2",2234,-0.03319144,1,0.011,21.51,11.99,40.74
"2023-06-20 10:57:54.4",2235,-0.03319144,1,0.011,21.51,11.98,40.74
"2023-06-20 10:57:54.6",2236,-0.03319144,1,0.01,21.51,11.98,40.7
"2023-06-20 10:57:54.8",2237,-0.03319144,1,0.01,21.48,11.98,40.74
"2023-06-20 10:57:55",2238,-0.03319144,1,0.011,21.48,11.98,40.74
"2023-06-20 10:57:55.2",2239,-0.3372812,1,0.01,21.48,11.98,40.74
"2023-06-20 10:57:55.4",2240,-0.03319144,1,0.01,21.51,11.98,40.7
"2023-06-20 10:57:55.6",2241,-0.3372822,1,0.011,21.51,11.99,40.74
"2023-06-20 10:57:55.8",2242,-0.03319144,1,0.011,21.51,11.99,40.7
"2023-06-20 10:57:56",2243,-0.3372812,1,0.01,21.51,11.99,40.74
"2023-06-20 10:57:56.2",2244,0.5749879,1,0.011,21.51,11.99,40.7
"2023-06-20 10:57:56.4",2245,-0.03319144,1,0.011,21.51,11.99,40.7
"2023-06-20 10:57:56.6",2246,-0.03319144,1,0.01,21.51,11.99,40.7
"2023-06-20 10:57:56.8",2247,0.5749879,1,0.011,21.51,11.99,40.7
"2023-06-20 10:57:57",2248,-0.0331924,1,0.011,21.51,11.99,40.7
"2023-06-20 10:57:57.2",2249,-0.3372812,1,0.01,21.51,11.98,40.7
"2023-06-20 10:57:57.4",2250,-0.03319144,1,0.011,21.51,11.98,40.7
"2023-06-20 10:57:57.6",2251,-0.3372812,1,0.01,21.51,11.98,40.7
"2023-06-20 10:57:57.8",2252,-0.03319144,1,0.01,21.51,11.99,40.7
"2023-06-20 10:57:58",2253,-0.03319144,1,0.011,21.51,11.98,40.7
"2023-06-20 10:57:58.2",2254,-0.03319144,1,0.011,21.51,11.98,40.7
"2023-06-20 10:57:58.4",2255,-0.3372812,1,0.01,21.51,11.99,40.7
"2023-06-20 10:57:58.6",2256,0.2708972,1,0.011,21.51,11.99,40.7
"2023-06-20 10:57:58.8",2257,-0.03319144,1,0.011,21.51,11.98,40.7
"2023-06-20 10:57:59",2258,-0.3372812,1,0.01,21.51,11.98,40.7
"2023-06-20 10:57:59.2",2259,-0.03319144,1,0.011,21.51,11.98,40.7
"2023-06-20 10:57:59.4",2260,-0.3372812,1,0.011,21.51,11.98,40.7
"2023-06-20 10:57:59.6",2261,-0.3372812,1,0.01,21.51,11.98,40.7
"2023-06-20 10:57:59.8",2262,0.2708972,1,0.011,21.51,11.98,40.7
"2023-06-20 10:58:00",2263,-0.03319144,1,0.011,21.51,11.98,40.7
"2023-06-20 10:58:00.2",2264,-0.03319144,1,0.01,21.51,11.98,40.7
"2023-06-20 10:58:00.4",2265,-0.6413708,1,0.011,21.51,11.98,40.7
"2023-06-20 10:58:00.6",2266,-0.3372812,1,0.011,21.51,11.99,40.7
"2023-06-20 10:58:00.8",2267,-0.03319144,1,0.01,21.51,11.98,40.67
"2023-06-20 10:58:01",2268,-0.6413708,1,0.011,21.51,11.99,40.7
"2023-06-20 10:58:01.2",2269,-0.03319144,1,0.011,21.51,11.98,40.67
"2023-06-20 10:58:01.4",2270,-0.03319144,1,0.01,21.51,11.99,40.67
"2023-06-20 10:58:01.6",2271,-0.03319144,1,0.01,21.51,11.99,40.7
"2023-06-20 10:58:01.8",2272,-0.3372822,1,0.011,21.51,11.99,40.67
