"TOA5","CS110","CR1000","93710","CR1000.Std.32.04","CPU:CS110_1675_5Hz.cr1","29882","Tab"
"TIMESTAMP","RECORD","E_field","status","leakage_cur","panel_temp","battery_volt","internal_RH"
"TS","RN","volts/m","","nA","DegC","V","%"
"","","Smp","Smp","Smp","Smp","Smp","Smp"
"2023-06-30 09:17:47.4",0,-0.4553312,4,0.011,21.53,11.98,41.41
"2023-06-30 09:17:47.8",1,-0.1512244,8,0.01,21.53,11.98,41.41
"2023-06-30 09:17:48",2,0.1528869,1,0.01,21.53,11.98,41.41
"2023-06-30 09:17:48.2",3,-0.1512232,1,0.011,21.53,11.98,41.41
"2023-06-30 09:17:48.4",4,0.1528869,1,0.01,21.53,11.98,41.41
"2023-06-30 09:17:48.6",5,-0.1512232,1,0.011,21.53,11.98,41.41
"2023-06-30 09:17:48.8",6,-0.1512232,1,0.011,21.53,11.98,41.41
"2023-06-30 09:17:49",7,0.1528869,1,0.01,21.53,11.98,41.41
"2023-06-30 09:17:49.2",8,-0.1512232,1,0.011,21.53,11.98,41.41
"2023-06-30 09:17:49.4",9,0.1528869,1,0.011,21.53,11.98,41.41
"2023-06-30 09:17:49.6",10,-0.1512232,1,0.01,21.53,11.98,41.41
"2023-06-30 09:17:49.8",11,-0.1512232,1,0.011,21.53,11.98,41.41
"2023-06-30 09:17:50",12,0.1528869,1,0.011,21.53,11.98,41.41
"2023-06-30 09:17:50.2",13,-0.1512232,1,0.01,21.53,11.98,41.41
"2023-06-30 09:17:50.4",14,-0.1512232,1,0.011,21.53,11.98,41.41
"2023-06-30 09:17:50.6",15,0.1528869,1,0.011,21.53,11.98,41.41
"2023-06-30 09:17:50.8",16,0.1528869,1,0.01,21.53,11.98,41.41
"2023-06-30 09:17:51",17,-0.1512232,1,0.011,21.53,11.98,41.41
"2023-06-30 09:17:51.2",18,0.1528869,1,0.01,21.53,11.98,41.41
"2023-06-30 09:17:51.4",19,0.1528869,1,0.01,21.53,11.98,41.41
"2023-06-30 09:17:51.6",20,-0.1512232,1,0.011,21.53,11.98,41.41
"2023-06-30 09:17:51.8",21,0.1528869,1,0.01,21.53,11.98,41.41
"2023-06-30 09:17:52",22,-0.4553354,1,0.01,21.53,11.98,41.41
"2023-06-30 09:17:52.2",23,-0.1512232,1,0.011,21.53,11.98,41.41
"2023-06-30 09:17:52.4",24,0.1528869,1,0.01,21.53,11.98,41.41
"2023-06-30 09:17:52.6",25,-0.1512232,1,0.011,21.53,11.98,41.41
"2023-06-30 09:17:52.8",26,0.1528869,1,0.011,21.53,11.98,41.41
"2023-06-30 09:17:53",27,0.1528869,1,0.01,21.53,11.98,41.41
"2023-06-30 09:17:53.2",28,-0.1512232,1,0.011,21.53,11.98,41.41
"2023-06-30 09:17:53.4",29,0.1528869,1,0.01,21.53,11.98,41.41
"2023-06-30 09:17:53.6",30,0.1528869,1,0.01,21.53,11.98,41.41
"2023-06-30 09:17:53.8",31,-0.1512232,1,0.011,21.53,11.98,41.41
"2023-06-30 09:17:54",32,0.1528869,1,0.01,21.53,11.98,41.41
"2023-06-30 09:17:54.2",33,0.1528869,1,0.01,21.53,11.98,41.41
"2023-06-30 09:17:54.4",34,-0.1512232,1,0.011,21.53,11.98,41.41
"2023-06-30 09:17:54.6",35,0.1528869,1,0.01,21.53,11.98,41.41
"2023-06-30 09:17:54.8",36,-0.1512232,1,0.011,21.53,11.98,41.41
"2023-06-30 09:17:55",37,-0.1512232,1,0.011,21.53,11.98,41.41
"2023-06-30 09:17:55.2",38,0.1528869,1,0.01,21.53,11.98,41.41
"2023-06-30 09:17:55.4",39,-0.1512232,1,0.011,21.53,11.98,41.41
"2023-06-30 09:17:55.6",40,-0.1512232,1,0.011,21.53,11.98,41.41
"2023-06-30 09:17:55.8",41,0.1528869,1,0.01,21.53,11.99,41.41
"2023-06-30 09:17:56",42,-0.1512232,1,0.011,21.53,11.98,41.41
"2023-06-30 09:17:56.2",43,0.1528869,1,0.011,21.53,11.98,41.41
"2023-06-30 09:17:56.4",44,0.1528869,1,0.01,21.53,11.98,41.41
"2023-06-30 09:17:56.6",45,-0.1512232,1,0.011,21.53,11.98,41.41
"2023-06-30 09:17:56.8",46,0.1528869,1,0.01,21.53,11.98,41.41
"2023-06-30 09:17:57",47,-0.1512232,1,0.01,21.53,11.98,41.41
"2023-06-30 09:17:57.2",48,-0.1512232,1,0.011,21.56,11.98,41.41
"2023-06-30 09:17:57.4",49,0.1528869,1,0.01,21.53,11.98,41.41
"2023-06-30 09:17:57.6",50,0.1528869,1,0.01,21.56,11.98,41.41
"2023-06-30 09:17:57.8",51,-0.1512232,1,0.011,21.53,11.98,41.41
"2023-06-30 09:17:58",52,0.1528869,1,0.01,21.53,11.98,41.41
"2023-06-30 09:17:58.2",53,0.1528869,1,0.01,21.53,11.98,41.41
"2023-06-30 09:17:58.4",54,-0.1512232,1,0.011,21.56,11.98,41.41
"2023-06-30 09:17:58.6",55,-0.1512232,1,0.01,21.56,11.98,41.41
"2023-06-30 09:17:58.8",56,-0.1512232,1,0.01,21.56,11.98,41.41
"2023-06-30 09:17:59",57,-0.1512232,1,0.011,21.56,11.98,41.41
"2023-06-30 09:17:59.2",58,0.1528869,1,0.01,21.53,11.98,41.41
"2023-06-30 09:17:59.4",59,0.1528869,1,0.01,21.56,11.98,41.41
"2023-06-30 09:17:59.6",60,0.4569991,1,0.011,21.56,11.98,41.41
"2023-06-30 09:17:59.8",61,-0.1512232,1,0.01,21.56,11.98,41.41
"2023-06-30 09:18:00",62,0.1528869,1,0.01,21.56,11.98,41.41
"2023-06-30 09:18:00.2",63,-0.1512232,1,0.011,21.56,11.98,41.41
"2023-06-30 09:18:00.4",64,0.1528869,1,0.01,21.56,11.98,41.41
"2023-06-30 09:18:00.6",65,-0.1512232,1,0.011,21.56,11.98,41.41
"2023-06-30 09:18:00.8",66,0.1528869,1,0.011,21.56,11.98,41.41
"2023-06-30 09:18:01",67,-0.1512232,1,0.01,21.56,11.98,41.41
"2023-06-30 09:18:01.2",68,-0.1512232,1,0.011,21.56,11.98,41.41
"2023-06-30 09:18:01.4",69,0.1528869,1,0.011,21.56,11.98,41.41
"2023-06-30 09:18:01.6",70,0.1528869,1,0.01,21.56,11.98,41.41
"2023-06-30 09:18:01.8",71,-0.1512232,1,0.011,21.56,11.98,41.41
"2023-06-30 09:18:02",72,0.1528869,1,0.01,21.56,11.98,41.41
"2023-06-30 09:18:02.2",73,0.1528869,1,0.01,21.56,11.98,41.41
"2023-06-30 09:18:02.4",74,-0.1512232,1,0.011,21.56,11.98,41.41
"2023-06-30 09:18:02.6",75,0.1528869,1,0.01,21.56,11.98,41.38
"2023-06-30 09:18:02.8",76,0.1528869,1,0.01,21.56,11.98,41.41
"2023-06-30 09:18:03",77,-0.1512232,1,0.011,21.56,11.98,41.41
"2023-06-30 09:18:03.2",78,0.1528869,1,0.01,21.56,11.98,41.38
"2023-06-30 09:18:03.4",79,-0.1512232,1,0.011,21.56,11.98,41.38
"2023-06-30 09:18:03.6",80,-0.1512232,1,0.011,21.56,11.98,41.41
"2023-06-30 09:18:03.8",81,0.1528869,1,0.01,21.56,11.98,41.38
"2023-06-30 09:18:04",82,-0.1512232,1,0.011,21.56,11.98,41.41
"2023-06-30 09:18:04.2",83,0.1528869,1,0.011,21.56,11.98,41.41
"2023-06-30 09:18:04.4",84,0.1528869,1,0.01,21.56,11.98,41.41
"2023-06-30 09:18:04.6",85,-0.1512232,1,0.011,21.56,11.98,41.38
"2023-06-30 09:18:04.8",86,0.1528869,1,0.01,21.56,11.98,41.38
"2023-06-30 09:18:05",87,0.1528869,1,0.01,21.56,11.98,41.38
"2023-06-30 09:18:05.2",88,-0.1512232,1,0.011,21.56,11.98,41.38
"2023-06-30 09:18:05.4",89,0.1528869,1,0.01,21.56,11.98,41.38
"2023-06-30 09:18:05.6",90,-0.1512232,1,0.01,21.56,11.98,41.38
"2023-06-30 09:18:05.8",91,-0.1512232,1,0.011,21.56,11.98,41.38
"2023-06-30 09:18:06",92,0.1528869,1,0.01,21.56,11.98,41.38
"2023-06-30 09:18:06.2",93,0.1528869,1,0.01,21.56,11.98,41.38
"2023-06-30 09:18:06.4",94,-0.1512232,1,0.011,21.56,11.98,41.38
"2023-06-30 09:18:06.6",95,-0.4553354,1,0.01,21.56,11.98,41.38
"2023-06-30 09:18:06.8",96,-0.1512232,1,0.011,21.56,11.98,41.38
"2023-06-30 09:18:07",97,0.1528869,1,0.011,21.56,11.98,41.38
"2023-06-30 09:18:07.2",98,0.1528869,1,0.01,21.56,11.98,41.38
"2023-06-30 09:18:07.4",99,-0.1512232,1,0.011,21.56,11.98,41.38
"2023-06-30 09:18:07.6",100,0.1528869,1,0.011,21.56,11.98,41.38
"2023-06-30 09:18:07.8",101,0.1528869,1,0.01,21.56,11.98,41.38
"2023-06-30 09:18:08",102,-0.1512232,1,0.011,21.56,11.98,41.38
"2023-06-30 09:18:08.2",103,0.1528869,1,0.01,21.56,11.98,41.38
"2023-06-30 09:18:08.4",104,0.1528869,1,0.01,21.56,11.98,41.34
"2023-06-30 09:18:08.6",105,-0.1512232,1,0.011,21.59,11.98,41.38
"2023-06-30 09:18:08.8",106,0.1528869,1,0.01,21.59,11.98,41.38
"2023-06-30 09:18:09",107,-0.1512232,1,0.011,21.59,11.98,41.34
"2023-06-30 09:18:09.2",108,0.1528869,1,0.011,21.56,11.98,41.34
"2023-06-30 09:18:09.4",109,0.1528869,1,0.01,21.59,11.98,41.38
"2023-06-30 09:18:09.6",110,-0.1512232,1,0.011,21.59,11.98,41.34
"2023-06-30 09:18:09.8",111,0.1528869,1,0.011,21.59,11.98,41.38
"2023-06-30 09:18:10",112,0.1528869,1,0.01,21.59,11.98,41.34
"2023-06-30 09:18:10.2",113,-0.1512232,1,0.011,21.59,11.98,41.38
"2023-06-30 09:18:10.4",114,0.1528869,1,0.01,21.59,11.98,41.34
"2023-06-30 09:18:10.6",115,0.1528869,1,0.01,21.59,11.98,41.34
"2023-06-30 09:18:10.8",116,-0.1512232,1,0.011,21.56,11.98,41.38
"2023-06-30 09:18:11",117,0.1528869,1,0.01,21.59,11.98,41.34
"2023-06-30 09:18:11.2",118,-0.1512232,1,0.011,21.59,11.98,41.38
"2023-06-30 09:18:11.4",119,-0.1512232,1,0.011,21.56,11.98,41.34
"2023-06-30 09:18:11.6",120,0.1528869,1,0.01,21.59,11.98,41.38
"2023-06-30 09:18:11.8",121,-0.1512232,1,0.011,21.59,11.98,41.34
"2023-06-30 09:18:12",122,0.1528869,1,0.011,21.56,11.98,41.34
"2023-06-30 09:18:12.2",123,0.1528869,1,0.01,21.59,11.98,41.34
"2023-06-30 09:18:12.4",124,-0.1512232,1,0.011,21.59,11.98,41.34
"2023-06-30 09:18:12.6",125,0.1528869,1,0.011,21.59,11.98,41.34
"2023-06-30 09:18:12.8",126,0.1528869,1,0.01,21.59,11.98,41.34
"2023-06-30 09:18:13",127,-0.1512232,1,0.011,21.59,11.98,41.34
"2023-06-30 09:18:13.2",128,0.1528869,1,0.01,21.59,11.98,41.34
"2023-06-30 09:18:13.4",129,0.1528869,1,0.01,21.59,11.98,41.34
"2023-06-30 09:18:13.6",130,-0.1512232,1,0.011,21.59,11.98,41.34
"2023-06-30 09:18:13.8",131,0.1528869,1,0.01,21.59,11.98,41.34
"2023-06-30 09:18:14",132,0.4569991,1,0.011,21.59,11.98,41.34
"2023-06-30 09:18:14.2",133,0.1528869,1,0.011,21.59,11.98,41.34
"2023-06-30 09:18:14.4",134,0.1528869,1,0.01,21.59,11.98,41.34
"2023-06-30 09:18:14.6",135,0.4569991,1,0.011,21.59,11.98,41.34
"2023-06-30 09:18:14.8",136,0.1528869,1,0.011,21.59,11.98,41.34
"2023-06-30 09:18:15",137,-0.4553354,1,0.01,21.59,11.98,41.34
"2023-06-30 09:18:15.2",138,-0.1512232,1,0.011,21.59,11.98,41.34
"2023-06-30 09:18:15.4",139,0.1528869,1,0.01,21.59,11.98,41.34
"2023-06-30 09:18:15.6",140,0.1528869,1,0.01,21.59,11.98,41.34
"2023-06-30 09:18:15.8",141,-0.1512232,1,0.011,21.59,11.98,41.34
"2023-06-30 09:18:16",142,0.1528869,1,0.01,21.59,11.98,41.34
"2023-06-30 09:18:16.2",143,-0.1512232,1,0.011,21.59,11.98,41.34
"2023-06-30 09:18:16.4",144,0.1528869,1,0.011,21.59,11.98,41.34
"2023-06-30 09:18:16.6",145,-0.1512232,1,0.01,21.59,11.98,41.34
"2023-06-30 09:18:16.8",146,-0.1512232,1,0.011,21.59,11.98,41.34
"2023-06-30 09:18:17",147,0.1528869,1,0.011,21.59,11.98,41.34
"2023-06-30 09:18:17.2",148,0.1528869,1,0.01,21.59,11.98,41.34
"2023-06-30 09:18:17.4",149,-0.1512232,1,0.011,21.59,11.98,41.34
"2023-06-30 09:18:17.6",150,0.1528869,1,0.011,21.59,11.98,41.34
"2023-06-30 09:18:17.8",151,0.1528869,1,0.01,21.59,11.98,41.34
"2023-06-30 09:18:18",152,-0.1512232,1,0.011,21.59,11.98,41.34
"2023-06-30 09:18:18.2",153,0.1528869,1,0.01,21.59,11.98,41.34
"2023-06-30 09:18:18.4",154,0.1528869,1,0.01,21.59,11.98,41.34
"2023-06-30 09:18:18.6",155,-0.1512232,1,0.011,21.59,11.98,41.34
"2023-06-30 09:18:18.8",156,0.1528869,1,0.01,21.59,11.98,41.34
"2023-06-30 09:18:19",157,-0.1512232,1,0.011,21.59,11.98,41.34
"2023-06-30 09:18:19.2",158,0.1528869,1,0.011,21.59,11.99,41.34
"2023-06-30 09:18:19.4",159,0.1528869,1,0.01,21.59,11.98,41.34
"2023-06-30 09:18:19.6",160,0.4569991,1,0.011,21.59,11.98,41.34
"2023-06-30 09:18:19.8",161,0.1528869,1,0.011,21.59,11.98,41.34
"2023-06-30 09:18:20",162,0.1528869,1,0.01,21.59,11.98,41.34
"2023-06-30 09:18:20.2",163,-0.1512232,1,0.011,21.59,11.98,41.34
"2023-06-30 09:18:20.4",164,0.1528869,1,0.01,21.59,11.98,41.34
"2023-06-30 09:18:20.6",165,0.1528869,1,0.01,21.59,11.98,41.34
"2023-06-30 09:18:20.8",166,-0.1512232,1,0.011,21.59,11.98,41.34
"2023-06-30 09:18:21",167,0.1528869,1,0.01,21.59,11.98,41.34
"2023-06-30 09:18:21.2",168,-0.1512232,1,0.011,21.59,11.98,41.34
"2023-06-30 09:18:21.4",169,0.1528869,1,0.011,21.59,11.98,41.34
"2023-06-30 09:18:21.6",170,0.1528869,1,0.01,21.59,11.98,41.34
"2023-06-30 09:18:21.8",171,-0.1512232,1,0.011,21.59,11.98,41.34
"2023-06-30 09:18:22",172,0.1528869,1,0.011,21.59,11.98,41.34
"2023-06-30 09:18:22.2",173,0.1528869,1,0.01,21.59,11.98,41.34
"2023-06-30 09:18:22.4",174,-0.1512232,1,0.011,21.59,11.98,41.34
"2023-06-30 09:18:22.6",175,0.1528869,1,0.01,21.59,11.99,41.34
"2023-06-30 09:18:22.8",176,0.1528869,1,0.01,21.59,11.98,41.34
"2023-06-30 09:18:23",177,-0.1512232,1,0.011,21.59,11.98,41.34
"2023-06-30 09:18:23.2",178,0.1528869,1,0.01,21.59,11.98,41.34
"2023-06-30 09:18:23.4",179,-0.1512232,1,0.011,21.59,11.98,41.34
"2023-06-30 09:18:23.6",180,0.1528869,1,0.011,21.59,11.98,41.34
"2023-06-30 09:18:23.8",181,0.1528869,1,0.01,21.59,11.98,41.34
"2023-06-30 09:18:24",182,-0.1512232,1,0.011,21.59,11.98,41.34
"2023-06-30 09:18:24.2",183,0.1528869,1,0.011,21.59,11.98,41.34
"2023-06-30 09:18:24.4",184,-0.1512232,1,0.01,21.59,11.98,41.34
"2023-06-30 09:18:24.6",185,-0.1512232,1,0.011,21.62,11.98,41.34
"2023-06-30 09:18:24.8",186,0.1528869,1,0.011,21.62,11.98,41.34
"2023-06-30 09:18:25",187,0.1528869,1,0.01,21.62,11.98,41.34
"2023-06-30 09:18:25.2",188,-0.1512232,1,0.011,21.62,11.98,41.34
"2023-06-30 09:18:25.4",189,0.1528869,1,0.01,21.62,11.98,41.31
"2023-06-30 09:18:25.6",190,0.1528869,1,0.01,21.62,11.98,41.34
"2023-06-30 09:18:25.8",191,-0.1512232,1,0.011,21.59,11.98,41.34
"2023-06-30 09:18:26",192,0.1528869,1,0.01,21.62,11.98,41.34
"2023-06-30 09:18:26.2",193,-0.1512232,1,0.011,21.59,11.98,41.31
"2023-06-30 09:18:26.4",194,0.1528869,1,0.011,21.59,11.98,41.31
"2023-06-30 09:18:26.6",195,-0.1512232,1,0.01,21.59,11.98,41.31
"2023-06-30 09:18:26.8",196,-0.1512232,1,0.011,21.62,11.98,41.34
"2023-06-30 09:18:27",197,0.1528869,1,0.011,21.62,11.98,41.31
"2023-06-30 09:18:27.2",198,0.1528869,1,0.01,21.59,11.98,41.31
"2023-06-30 09:18:27.4",199,-0.1512232,1,0.011,21.62,11.98,41.31
"2023-06-30 09:18:27.6",200,0.1528869,1,0.011,21.59,11.98,41.31
"2023-06-30 09:18:27.8",201,0.1528869,1,0.01,21.62,11.98,41.31
"2023-06-30 09:18:28",202,-0.1512232,1,0.011,21.59,11.98,41.31
"2023-06-30 09:18:28.2",203,0.1528869,1,0.01,21.59,11.98,41.31
"2023-06-30 09:18:28.4",204,0.1528869,1,0.01,21.62,11.98,41.31
"2023-06-30 09:18:28.6",205,-0.1512232,1,0.011,21.59,11.98,41.31
"2023-06-30 09:18:28.8",206,0.1528869,1,0.01,21.62,11.98,41.31
"2023-06-30 09:18:29",207,-0.1512232,1,0.011,21.62,11.98,41.31
"2023-06-30 09:18:29.2",208,0.1528869,1,0.011,21.62,11.98,41.31
"2023-06-30 09:18:29.4",209,-0.4553354,1,0.01,21.59,11.98,41.31
"2023-06-30 09:18:29.6",210,-0.1512232,1,0.011,21.62,11.98,41.31
"2023-06-30 09:18:29.8",211,0.1528869,1,0.011,21.62,11.98,41.31
"2023-06-30 09:18:30",212,0.1528869,1,0.01,21.62,11.98,41.31
"2023-06-30 09:18:30.2",213,-0.1512232,1,0.011,21.62,11.98,41.31
"2023-06-30 09:18:30.4",214,-0.1512232,1,0.011,21.62,11.98,41.31
"2023-06-30 09:18:30.6",215,0.1528869,1,0.01,21.62,11.98,41.31
"2023-06-30 09:18:30.8",216,-0.1512232,1,0.011,21.62,11.98,41.31
"2023-06-30 09:18:31",217,0.1528869,1,0.01,21.62,11.98,41.31
"2023-06-30 09:18:31.2",218,0.1528869,1,0.01,21.62,11.98,41.31
"2023-06-30 09:18:31.4",219,-0.1512232,1,0.011,21.62,11.98,41.31
"2023-06-30 09:18:31.6",220,0.1528869,1,0.01,21.62,11.98,41.31
"2023-06-30 09:18:31.8",221,0.4569991,1,0.011,21.62,11.98,41.31
"2023-06-30 09:18:32",222,0.1528869,1,0.011,21.62,11.98,41.31
"2023-06-30 09:18:32.2",223,0.1528869,1,0.01,21.62,11.98,41.31
"2023-06-30 09:18:32.4",224,-0.1512232,1,0.011,21.62,11.98,41.31
"2023-06-30 09:18:32.6",225,-0.1512232,1,0.011,21.62,11.98,41.31
"2023-06-30 09:18:32.8",226,-0.1512232,1,0.01,21.62,11.98,41.31
"2023-06-30 09:18:33",227,-0.1512232,1,0.011,21.62,11.99,41.31
"2023-06-30 09:18:33.2",228,0.1528869,1,0.011,21.62,11.98,41.31
"2023-06-30 09:18:33.4",229,-0.1512232,1,0.01,21.62,11.98,41.31
"2023-06-30 09:18:33.6",230,0.4569991,1,0.011,21.62,11.98,41.31
"2023-06-30 09:18:33.8",231,0.1528869,1,0.011,21.62,11.98,41.31
"2023-06-30 09:18:34",232,0.1528869,1,0.01,21.62,11.98,41.31
"2023-06-30 09:18:34.2",233,-0.1512232,1,0.011,21.62,11.98,41.31
"2023-06-30 09:18:34.4",234,0.1528869,1,0.011,21.62,11.98,41.31
"2023-06-30 09:18:34.6",235,0.1528869,1,0.01,21.62,11.98,41.28
"2023-06-30 09:18:34.8",236,-0.1512232,1,0.011,21.62,11.98,41.31
"2023-06-30 09:18:35",237,0.1528869,1,0.01,21.62,11.98,41.31
"2023-06-30 09:18:35.2",238,0.1528869,1,0.01,21.62,11.98,41.31
"2023-06-30 09:18:35.4",239,-0.1512232,1,0.011,21.62,11.98,41.31
"2023-06-30 09:18:35.6",240,0.1528869,1,0.01,21.62,11.98,41.31
"2023-06-30 09:18:35.8",241,-0.1512232,1,0.011,21.62,11.98,41.31
"2023-06-30 09:18:36",242,0.1528869,1,0.011,21.62,11.98,41.28
"2023-06-30 09:18:36.2",243,0.1528869,1,0.01,21.62,11.98,41.28
"2023-06-30 09:18:36.4",244,-0.1512232,1,0.011,21.62,11.98,41.31
"2023-06-30 09:18:36.6",245,0.1528869,1,0.011,21.62,11.98,41.28
"2023-06-30 09:18:36.8",246,0.1528869,1,0.01,21.62,11.98,41.31
"2023-06-30 09:18:37",247,-0.1512232,1,0.011,21.62,11.98,41.31
"2023-06-30 09:18:37.2",248,0.1528869,1,0.01,21.62,11.98,41.28
"2023-06-30 09:18:37.4",249,0.1528869,1,0.01,21.62,11.98,41.28
"2023-06-30 09:18:37.6",250,-0.1512232,1,0.011,21.62,11.98,41.28
"2023-06-30 09:18:37.8",251,0.1528869,1,0.01,21.62,11.98,41.28
"2023-06-30 09:18:38",252,-0.1512232,1,0.011,21.62,11.98,41.28
"2023-06-30 09:18:38.2",253,0.1528869,1,0.011,21.62,11.99,41.28
"2023-06-30 09:18:38.4",254,0.1528869,1,0.01,21.62,11.98,41.28
"2023-06-30 09:18:38.6",255,-0.1512232,1,0.011,21.62,11.98,41.28
"2023-06-30 09:18:38.8",256,-0.1512232,1,0.011,21.62,11.98,41.31
"2023-06-30 09:18:39",257,0.1528869,1,0.01,21.62,11.98,41.28
"2023-06-30 09:18:39.2",258,-0.1512232,1,0.011,21.62,11.99,41.28
"2023-06-30 09:18:39.4",259,0.1528869,1,0.011,21.62,11.98,41.28
"2023-06-30 09:18:39.6",260,-0.1512232,1,0.01,21.62,11.98,41.28
"2023-06-30 09:18:39.8",261,-0.1512232,1,0.011,21.64,11.99,41.28
"2023-06-30 09:18:40",262,0.1528869,1,0.011,21.62,11.98,41.28
"2023-06-30 09:18:40.2",263,0.15289,1,0.01,21.62,11.98,41.28
"2023-06-30 09:18:40.4",264,-0.151221,1,0.011,21.62,11.99,41.28
"2023-06-30 09:18:40.6",265,0.15289,1,0.01,21.64,11.98,41.28
"2023-06-30 09:18:40.8",266,0.15289,1,0.01,21.64,11.99,41.28
"2023-06-30 09:18:41",267,-0.151221,1,0.011,21.64,11.98,41.28
"2023-06-30 09:18:41.2",268,0.15289,1,0.01,21.64,11.99,41.28
"2023-06-30 09:18:41.4",269,-0.151221,1,0.011,21.64,11.98,41.28
"2023-06-30 09:18:41.6",270,-0.151221,1,0.011,21.64,11.98,41.28
"2023-06-30 09:18:41.8",271,0.15289,1,0.01,21.64,11.98,41.28
"2023-06-30 09:18:42",272,-0.151221,1,0.011,21.64,11.98,41.28
"2023-06-30 09:18:42.2",273,0.15289,1,0.011,21.64,11.98,41.28
"2023-06-30 09:18:42.4",274,-0.151221,1,0.01,21.64,11.98,41.28
"2023-06-30 09:18:42.6",275,-0.151221,1,0.011,21.64,11.98,41.28
"2023-06-30 09:18:42.8",276,0.15289,1,0.011,21.64,11.98,41.28
"2023-06-30 09:18:43",277,0.15289,1,0.01,21.64,11.98,41.28
"2023-06-30 09:18:43.2",278,-0.151221,1,0.011,21.64,11.98,41.28
"2023-06-30 09:18:43.4",279,0.15289,1,0.011,21.64,11.98,41.28
"2023-06-30 09:18:43.6",280,0.15289,1,0.01,21.64,11.98,41.28
"2023-06-30 09:18:43.8",281,-0.151221,1,0.011,21.64,11.98,41.28
"2023-06-30 09:18:44",282,0.15289,1,0.01,21.64,11.98,41.28
"2023-06-30 09:18:44.2",283,-0.151221,1,0.01,21.64,11.98,41.28
"2023-06-30 09:18:44.4",284,-0.151221,1,0.011,21.64,11.98,41.28
"2023-06-30 09:18:44.6",285,-0.151221,1,0.011,21.64,11.98,41.28
"2023-06-30 09:18:44.8",286,0.15289,1,0.01,21.64,11.98,41.28
"2023-06-30 09:18:45",287,0.152889,1,0.011,21.64,11.98,41.28
"2023-06-30 09:18:45.2",288,0.15289,1,0.011,21.64,11.98,41.28
"2023-06-30 09:18:45.4",289,0.15289,1,0.01,21.64,11.98,41.28
"2023-06-30 09:18:45.6",290,-0.151221,1,0.011,21.64,11.98,41.28
"2023-06-30 09:18:45.8",291,-0.151221,1,0.011,21.64,11.99,41.28
"2023-06-30 09:18:46",292,0.15289,1,0.01,21.64,11.98,41.28
"2023-06-30 09:18:46.2",293,-0.151221,1,0.011,21.64,11.98,41.28
"2023-06-30 09:18:46.4",294,0.15289,1,0.01,21.64,11.98,41.28
"2023-06-30 09:18:46.6",295,0.15289,1,0.01,21.64,11.98,41.28
"2023-06-30 09:18:46.8",296,-0.151221,1,0.011,21.64,11.98,41.28
"2023-06-30 09:18:47",297,0.15289,1,0.01,21.64,11.98,41.28
"2023-06-30 09:18:47.2",298,-0.151221,1,0.011,21.64,11.98,41.28
"2023-06-30 09:18:47.4",299,0.15289,1,0.011,21.64,11.98,41.28
"2023-06-30 09:18:47.6",300,0.15289,1,0.01,21.64,11.98,41.28
"2023-06-30 09:18:47.8",301,-0.151221,1,0.011,21.64,11.98,41.28
"2023-06-30 09:18:48",302,-0.151221,1,0.011,21.64,11.98,41.28
"2023-06-30 09:18:48.2",303,0.15289,1,0.01,21.64,11.99,41.28
"2023-06-30 09:18:48.4",304,0.152889,1,0.012,21.64,11.98,41.28
"2023-06-30 09:18:48.6",305,0.15289,1,0.011,21.64,11.98,41.28
"2023-06-30 09:18:48.8",306,0.15289,1,0.01,21.64,11.98,41.28
"2023-06-30 09:18:49",307,-0.151221,1,0.011,21.64,11.98,41.28
"2023-06-30 09:18:49.2",308,0.15289,1,0.011,21.64,11.98,41.28
"2023-06-30 09:18:49.4",309,0.15289,1,0.01,21.64,11.98,41.28
"2023-06-30 09:18:49.6",310,-0.151221,1,0.011,21.64,11.98,41.28
"2023-06-30 09:18:49.8",311,-0.151221,1,0.011,21.64,11.98,41.28
"2023-06-30 09:18:50",312,0.15289,1,0.01,21.64,11.98,41.28
"2023-06-30 09:18:50.2",313,-0.151221,1,0.011,21.64,11.98,41.28
"2023-06-30 09:18:50.4",314,-0.151221,1,0.011,21.64,11.99,41.28
"2023-06-30 09:18:50.6",315,-0.151221,1,0.01,21.64,11.98,41.28
"2023-06-30 09:18:50.8",316,-0.151221,1,0.011,21.64,11.98,41.28
"2023-06-30 09:18:51",317,0.15289,1,0.011,21.64,11.98,41.28
"2023-06-30 09:18:51.2",318,0.15289,1,0.01,21.64,11.98,41.28
"2023-06-30 09:18:51.4",319,-0.151221,1,0.011,21.64,11.98,41.28
"2023-06-30 09:18:51.6",320,0.15289,1,0.01,21.64,11.99,41.28
"2023-06-30 09:18:51.8",321,0.15289,1,0.01,21.64,11.98,41.28
"2023-06-30 09:18:52",322,-0.151221,1,0.011,21.64,11.98,41.28
"2023-06-30 09:18:52.2",323,0.15289,1,0.01,21.64,11.98,41.28
"2023-06-30 09:18:52.4",324,0.4570012,1,0.012,21.64,11.98,41.28
"2023-06-30 09:18:52.6",325,-0.151221,1,0.011,21.64,11.98,41.28
"2023-06-30 09:18:52.8",326,0.15289,1,0.01,21.64,11.98,41.28
"2023-06-30 09:18:53",327,-0.151221,1,0.012,21.64,11.98,41.28
"2023-06-30 09:18:53.2",328,-0.151221,1,0.011,21.64,11.98,41.24
"2023-06-30 09:18:53.4",329,0.15289,1,0.01,21.64,11.98,41.28
"2023-06-30 09:18:53.6",330,-0.151221,1,0.012,21.64,11.98,41.28
"2023-06-30 09:18:53.8",331,-0.151221,1,0.011,21.64,11.98,41.28
"2023-06-30 09:18:54",332,-0.151221,1,0.01,21.64,11.98,41.28
"2023-06-30 09:18:54.2",333,0.15289,1,0.01,21.64,11.98,41.24
"2023-06-30 09:18:54.4",334,-0.151221,1,0.011,21.64,11.98,41.28
"2023-06-30 09:18:54.6",335,0.15289,1,0.01,21.64,11.98,41.28
"2023-06-30 09:18:54.8",336,-0.151221,1,0.012,21.64,11.98,41.28
"2023-06-30 09:18:55",337,0.15289,1,0.011,21.64,11.98,41.28
"2023-06-30 09:18:55.2",338,-0.151221,1,0.01,21.64,11.99,41.24
"2023-06-30 09:18:55.4",339,-0.4553334,1,0.012,21.64,11.98,41.28
"2023-06-30 09:18:55.6",340,0.15289,1,0.011,21.64,11.98,41.24
"2023-06-30 09:18:55.8",341,0.15289,1,0.01,21.64,11.98,41.28
"2023-06-30 09:18:56",342,0.4570012,1,0.012,21.64,11.98,41.28
"2023-06-30 09:18:56.2",343,-0.4553323,1,0.011,21.64,11.98,41.28
"2023-06-30 09:18:56.4",344,0.15289,1,0.01,21.64,11.98,41.24
"2023-06-30 09:18:56.6",345,-0.151221,1,0.011,21.64,11.98,41.24
"2023-06-30 09:18:56.8",346,0.15289,1,0.011,21.64,11.98,41.24
"2023-06-30 09:18:57",347,0.15289,1,0.01,21.64,11.98,41.24
"2023-06-30 09:18:57.2",348,-0.151221,1,0.011,21.64,11.98,41.28
"2023-06-30 09:18:57.4",349,-0.151221,1,0.011,21.64,11.98,41.24
"2023-06-30 09:18:57.6",350,0.15289,1,0.01,21.64,11.98,41.24
"2023-06-30 09:18:57.8",351,-0.151221,1,0.011,21.64,11.98,41.24
"2023-06-30 09:18:58",352,0.15289,1,0.01,21.64,11.98,41.28
"2023-06-30 09:18:58.2",353,-0.151221,1,0.01,21.64,11.98,41.24
"2023-06-30 09:18:58.4",354,-0.151221,1,0.011,21.64,11.98,41.24
"2023-06-30 09:18:58.6",355,-0.151221,1,0.011,21.67,11.98,41.24
"2023-06-30 09:18:58.8",356,0.15289,1,0.01,21.67,11.98,41.24
"2023-06-30 09:18:59",357,-0.151221,1,0.011,21.67,11.98,41.24
"2023-06-30 09:18:59.2",358,-0.151221,1,0.011,21.64,11.98,41.24
"2023-06-30 09:18:59.4",359,0.15289,1,0.01,21.64,11.98,41.24
"2023-06-30 09:18:59.6",360,-0.151221,1,0.011,21.67,11.98,41.24
"2023-06-30 09:18:59.8",361,-0.151221,1,0.011,21.67,11.98,41.24
"2023-06-30 09:19:00",362,0.15289,1,0.01,21.67,11.98,41.24
"2023-06-30 09:19:00.2",363,-0.151221,1,0.011,21.64,11.98,41.24
"2023-06-30 09:19:00.4",364,0.15289,1,0.01,21.64,11.98,41.24
"2023-06-30 09:19:00.6",365,0.15289,1,0.01,21.67,11.98,41.24
"2023-06-30 09:19:00.8",366,-0.151221,1,0.011,21.67,11.98,41.24
"2023-06-30 09:19:01",367,-0.151221,1,0.01,21.67,11.98,41.24
"2023-06-30 09:19:01.2",368,0.15289,1,0.01,21.67,11.98,41.21
"2023-06-30 09:19:01.4",369,-0.4553334,1,0.011,21.67,11.98,41.24
"2023-06-30 09:19:01.6",370,0.15289,1,0.01,21.67,11.98,41.24
"2023-06-30 09:19:01.8",371,-0.151221,1,0.011,21.67,11.98,41.24
"2023-06-30 09:19:02",372,0.15289,1,0.011,21.67,11.98,41.24
"2023-06-30 09:19:02.2",373,0.15289,1,0.01,21.67,11.98,41.24
"2023-06-30 09:19:02.4",374,-0.151221,1,0.011,21.67,11.98,41.24
"2023-06-30 09:19:02.6",375,0.15289,1,0.01,21.67,11.98,41.24
"2023-06-30 09:19:02.8",376,0.15289,1,0.01,21.67,11.98,41.24
"2023-06-30 09:19:03",377,-0.151221,1,0.011,21.67,11.98,41.24
"2023-06-30 09:19:03.2",378,-0.151221,1,0.01,21.67,11.98,41.24
"2023-06-30 09:19:03.4",379,0.15289,1,0.01,21.67,11.98,41.24
"2023-06-30 09:19:03.6",380,-0.151221,1,0.011,21.67,11.98,41.21
"2023-06-30 09:19:03.8",381,0.15289,1,0.01,21.67,11.98,41.21
"2023-06-30 09:19:04",382,-0.151221,1,0.012,21.67,11.98,41.21
"2023-06-30 09:19:04.2",383,0.15289,1,0.011,21.67,11.98,41.24
"2023-06-30 09:19:04.4",384,0.15289,1,0.01,21.67,11.98,41.21
"2023-06-30 09:19:04.6",385,-0.151221,1,0.011,21.67,11.98,41.21
"2023-06-30 09:19:04.8",386,-0.151221,1,0.011,21.67,11.98,41.21
"2023-06-30 09:19:05",387,0.15289,1,0.01,21.67,11.98,41.24
"2023-06-30 09:19:05.2",388,-0.151221,1,0.011,21.67,11.98,41.21
"2023-06-30 09:19:05.4",389,0.15289,1,0.011,21.67,11.98,41.24
"2023-06-30 09:19:05.6",390,-0.151221,1,0.01,21.67,11.98,41.24
"2023-06-30 09:19:05.8",391,-0.151221,1,0.011,21.67,11.98,41.21
"2023-06-30 09:19:06",392,0.15289,1,0.011,21.67,11.98,41.24
"2023-06-30 09:19:06.2",393,0.15289,1,0.01,21.67,11.98,41.24
"2023-06-30 09:19:06.4",394,-0.151221,1,0.011,21.67,11.98,41.21
"2023-06-30 09:19:06.6",395,0.15289,1,0.01,21.67,11.98,41.21
"2023-06-30 09:19:06.8",396,0.15289,1,0.01,21.67,11.98,41.21
"2023-06-30 09:19:07",397,-0.151221,1,0.011,21.67,11.98,41.21
"2023-06-30 09:19:07.2",398,0.15289,1,0.01,21.67,11.98,41.21
"2023-06-30 09:19:07.4",399,-0.151221,1,0.012,21.67,11.98,41.21
"2023-06-30 09:19:07.6",400,0.15289,1,0.011,21.67,11.98,41.21
"2023-06-30 09:19:07.8",401,0.15289,1,0.01,21.67,11.98,41.21
"2023-06-30 09:19:08",402,0.1528912,1,0.012,21.67,11.98,41.21
"2023-06-30 09:19:08.2",403,0.15289,1,0.011,21.67,11.98,41.21
"2023-06-30 09:19:08.4",404,0.15289,1,0.01,21.67,11.98,41.21
"2023-06-30 09:19:08.6",405,0.1528912,1,0.012,21.67,11.98,41.21
"2023-06-30 09:19:08.8",406,0.15289,1,0.011,21.67,11.98,41.21
"2023-06-30 09:19:09",407,0.15289,1,0.01,21.67,11.98,41.21
"2023-06-30 09:19:09.2",408,-0.151221,1,0.011,21.67,11.98,41.21
"2023-06-30 09:19:09.4",409,-0.151221,1,0.011,21.67,11.98,41.21
"2023-06-30 09:19:09.6",410,-0.151221,1,0.01,21.7,11.98,41.21
"2023-06-30 09:19:09.8",411,-0.151221,1,0.012,21.67,11.98,41.21
"2023-06-30 09:19:10",412,0.15289,1,0.011,21.67,11.99,41.21
"2023-06-30 09:19:10.2",413,0.15289,1,0.01,21.67,11.98,41.21
"2023-06-30 09:19:10.4",414,-0.151221,1,0.011,21.67,11.98,41.21
"2023-06-30 09:19:10.6",415,0.15289,1,0.011,21.7,11.98,41.21
"2023-06-30 09:19:10.8",416,-0.151221,1,0.01,21.67,11.98,41.21
"2023-06-30 09:19:11",417,0.4570012,1,0.011,21.67,11.98,41.21
"2023-06-30 09:19:11.2",418,0.15289,1,0.011,21.7,11.98,41.21
"2023-06-30 09:19:11.4",419,0.15289,1,0.01,21.7,11.98,41.21
"2023-06-30 09:19:11.6",420,-0.151221,1,0.011,21.7,11.98,41.21
"2023-06-30 09:19:11.8",421,0.15289,1,0.01,21.7,11.98,41.21
"2023-06-30 09:19:12",422,0.15289,1,0.01,21.67,11.98,41.21
"2023-06-30 09:19:12.2",423,0.4570012,1,0.011,21.67,11.98,41.21
"2023-06-30 09:19:12.4",424,0.15289,1,0.01,21.7,11.98,41.21
"2023-06-30 09:19:12.6",425,-0.151221,1,0.012,21.7,11.98,41.21
"2023-06-30 09:19:12.8",426,0.15289,1,0.011,21.7,11.98,41.21
"2023-06-30 09:19:13",427,0.15289,1,0.01,21.7,11.98,41.21
"2023-06-30 09:19:13.2",428,0.4570012,1,0.011,21.7,11.98,41.21
"2023-06-30 09:19:13.4",429,0.7611134,1,0.011,21.7,11.98,41.21
"2023-06-30 09:19:13.6",430,0.15289,1,0.01,21.7,11.98,41.21
"2023-06-30 09:19:13.8",431,0.4570012,1,0.011,21.67,11.98,41.21
"2023-06-30 09:19:14",432,0.7611134,1,0.01,21.7,11.98,41.21
"2023-06-30 09:19:14.2",433,0.7611134,1,0.01,21.7,11.98,41.21
"2023-06-30 09:19:14.4",434,1.065225,1,0.011,21.7,11.98,41.21
"2023-06-30 09:19:14.6",435,0.7611134,1,0.01,21.7,11.98,41.21
"2023-06-30 09:19:14.8",436,0.4570012,1,0.012,21.7,11.98,41.21
"2023-06-30 09:19:15",437,0.7611134,1,0.011,21.7,11.98,41.21
"2023-06-30 09:19:15.2",438,0.7611134,1,0.01,21.7,11.98,41.21
"2023-06-30 09:19:15.4",439,0.4570012,1,0.011,21.7,11.98,41.21
"2023-06-30 09:19:15.6",440,0.15289,1,0.011,21.67,11.98,41.21
"2023-06-30 09:19:15.8",441,0.7611134,1,0.01,21.7,11.98,41.21
"2023-06-30 09:19:16",442,0.4570012,1,0.011,21.7,11.98,41.21
"2023-06-30 09:19:16.2",443,0.7611134,1,0.01,21.7,11.98,41.21
"2023-06-30 09:19:16.4",444,0.7611134,1,0.01,21.7,11.98,41.21
"2023-06-30 09:19:16.6",445,0.4570012,1,0.011,21.7,11.98,41.21
"2023-06-30 09:19:16.8",446,0.7611134,1,0.01,21.7,11.98,41.21
"2023-06-30 09:19:17",447,0.7611134,1,0.01,21.7,11.99,41.21
"2023-06-30 09:19:17.2",448,1.065225,1,0.011,21.7,11.98,41.21
"2023-06-30 09:19:17.4",449,0.7611134,1,0.01,21.7,11.98,41.21
"2023-06-30 09:19:17.6",450,1.065225,1,0.011,21.7,11.98,41.21
"2023-06-30 09:19:17.8",451,0.7611134,1,0.011,21.7,11.98,41.21
"2023-06-30 09:19:18",452,1.369337,1,0.01,21.7,11.98,41.21
"2023-06-30 09:19:18.2",453,0.7611134,1,0.011,21.7,11.98,41.21
"2023-06-30 09:19:18.4",454,0.7611134,1,0.011,21.7,11.98,41.21
"2023-06-30 09:19:18.6",455,0.7611134,1,0.01,21.7,11.98,41.21
"2023-06-30 09:19:18.8",456,1.065225,1,0.011,21.7,11.98,41.21
"2023-06-30 09:19:19",457,0.7611134,1,0.01,21.7,11.98,41.17
"2023-06-30 09:19:19.2",458,0.7611134,1,0.01,21.7,11.98,41.21
"2023-06-30 09:19:19.4",459,1.065225,1,0.011,21.7,11.98,41.21
"2023-06-30 09:19:19.6",460,0.7611134,1,0.01,21.7,11.98,41.21
"2023-06-30 09:19:19.8",461,0.4570012,1,0.012,21.7,11.98,41.21
"2023-06-30 09:19:20",462,0.7611134,1,0.011,21.7,11.98,41.21
"2023-06-30 09:19:20.2",463,0.7611134,1,0.01,21.7,11.98,41.21
"2023-06-30 09:19:20.4",464,0.4570012,1,0.011,21.7,11.98,41.21
"2023-06-30 09:19:20.6",465,0.7611134,1,0.011,21.7,11.98,41.21
"2023-06-30 09:19:20.8",466,0.7611134,1,0.01,21.7,11.98,41.17
"2023-06-30 09:19:21",467,1.065225,1,0.011,21.7,11.98,41.21
"2023-06-30 09:19:21.2",468,0.7611134,1,0.01,21.7,11.99,41.17
"2023-06-30 09:19:21.4",469,0.7611134,1,0.01,21.7,11.98,41.17
"2023-06-30 09:19:21.6",470,1.065225,1,0.011,21.7,11.98,41.21
"2023-06-30 09:19:21.8",471,0.4570022,1,0.01,21.7,11.98,41.21
"2023-06-30 09:19:22",472,0.4570022,1,0.01,21.7,11.98,41.17
"2023-06-30 09:19:22.2",473,1.065225,1,0.011,21.7,11.98,41.21
"2023-06-30 09:19:22.4",474,0.4570022,1,0.01,21.7,11.98,41.21
"2023-06-30 09:19:22.6",475,0.7611134,1,0.01,21.7,11.98,41.21
"2023-06-30 09:19:22.8",476,1.065225,1,0.011,21.7,11.98,41.17
"2023-06-30 09:19:23",477,0.4570022,1,0.01,21.7,11.99,41.17
"2023-06-30 09:19:23.2",478,0.4570022,1,0.01,21.7,11.98,41.17
"2023-06-30 09:19:23.4",479,0.4570012,1,0.011,21.7,11.98,41.17
"2023-06-30 09:19:23.6",480,0.7611134,1,0.01,21.7,11.98,41.17
"2023-06-30 09:19:23.8",481,0.7611134,1,0.01,21.7,11.98,41.21
"2023-06-30 09:19:24",482,1.065225,1,0.011,21.7,11.98,41.17
"2023-06-30 09:19:24.2",483,0.4570022,1,0.01,21.7,11.98,41.17
"2023-06-30 09:19:24.4",484,0.7611134,1,0.01,21.7,11.98,41.17
"2023-06-30 09:19:24.6",485,1.065225,1,0.011,21.7,11.98,41.17
"2023-06-30 09:19:24.8",486,0.7611134,1,0.01,21.7,11.98,41.17
"2023-06-30 09:19:25",487,0.4570022,1,0.01,21.7,11.98,41.17
"2023-06-30 09:19:25.2",488,1.065225,1,0.011,21.7,11.98,41.17
"2023-06-30 09:19:25.4",489,0.7611134,1,0.01,21.7,11.98,41.17
"2023-06-30 09:19:25.6",490,0.7611134,1,0.01,21.7,11.98,41.17
"2023-06-30 09:19:25.8",491,0.4570012,1,0.011,21.7,11.98,41.17
"2023-06-30 09:19:26",492,0.7611134,1,0.01,21.7,11.98,41.17
"2023-06-30 09:19:26.2",493,0.4570012,1,0.011,21.7,11.98,41.17
"2023-06-30 09:19:26.4",494,0.7611134,1,0.011,21.7,11.98,41.17
"2023-06-30 09:19:26.6",495,0.7611134,1,0.01,21.7,11.98,41.17
"2023-06-30 09:19:26.8",496,1.065225,1,0.011,21.7,11.98,41.17
"2023-06-30 09:19:27",497,0.4570022,1,0.011,21.7,11.98,41.17
"2023-06-30 09:19:27.2",498,0.7611134,1,0.01,21.7,11.98,41.17
"2023-06-30 09:19:27.4",499,1.065225,1,0.011,21.7,11.98,41.17
"2023-06-30 09:19:27.6",500,0.7611134,1,0.011,21.7,11.98,41.17
"2023-06-30 09:19:27.8",501,0.7611134,1,0.01,21.7,11.98,41.17
"2023-06-30 09:19:28",502,1.065225,1,0.011,21.7,11.98,41.17
"2023-06-30 09:19:28.2",503,0.7611134,1,0.01,21.7,11.98,41.17
"2023-06-30 09:19:28.4",504,0.7611134,1,0.01,21.7,11.98,41.17
"2023-06-30 09:19:28.6",505,1.065225,1,0.011,21.7,11.98,41.17
"2023-06-30 09:19:28.8",506,0.4570022,1,0.01,21.7,11.98,41.17
"2023-06-30 09:19:29",507,0.7611134,1,0.01,21.7,11.98,41.17
"2023-06-30 09:19:29.2",508,1.065225,1,0.011,21.7,11.98,41.17
"2023-06-30 09:19:29.4",509,0.7611134,1,0.01,21.7,11.98,41.17
"2023-06-30 09:19:29.6",510,1.065225,1,0.012,21.7,11.98,41.17
"2023-06-30 09:19:29.8",511,0.7611134,1,0.011,21.7,11.98,41.17
"2023-06-30 09:19:30",512,0.7611134,1,0.01,21.7,11.98,41.17
"2023-06-30 09:19:30.2",513,1.065225,1,0.011,21.7,11.98,41.17
"2023-06-30 09:19:30.4",514,0.7611134,1,0.011,21.7,11.98,41.17
"2023-06-30 09:19:30.6",515,0.4570022,1,0.01,21.72,11.98,41.17
"2023-06-30 09:19:30.8",516,1.065225,1,0.011,21.7,11.98,41.17
"2023-06-30 09:19:31",517,0.7611134,1,0.011,21.7,11.98,41.17
"2023-06-30 09:19:31.2",518,0.7611134,1,0.01,21.7,11.98,41.17
"2023-06-30 09:19:31.4",519,0.4570012,1,0.011,21.7,11.98,41.17
"2023-06-30 09:19:31.6",520,0.7611134,1,0.01,21.7,11.98,41.17
"2023-06-30 09:19:31.8",521,0.7611134,1,0.01,21.7,11.98,41.17
"2023-06-30 09:19:32",522,0.4570012,1,0.011,21.7,11.98,41.17
"2023-06-30 09:19:32.2",523,0.7611165,1,0.01,21.7,11.98,41.17
"2023-06-30 09:19:32.4",524,0.4570043,1,0.012,21.7,11.98,41.17
"2023-06-30 09:19:32.6",525,0.7611165,1,0.011,21.72,11.98,41.17
"2023-06-30 09:19:32.8",526,0.7611165,1,0.01,21.72,11.98,41.17
"2023-06-30 09:19:33",527,0.4570043,1,0.011,21.7,11.98,41.17
"2023-06-30 09:19:33.2",528,0.4570043,1,0.011,21.7,11.98,41.17
"2023-06-30 09:19:33.4",529,0.7611165,1,0.01,21.7,11.98,41.17
"2023-06-30 09:19:33.6",530,0.4570043,1,0.011,21.7,11.98,41.17
"2023-06-30 09:19:33.8",531,0.7611165,1,0.011,21.7,11.98,41.14
"2023-06-30 09:19:34",532,0.4570043,1,0.01,21.7,11.98,41.14
"2023-06-30 09:19:34.2",533,0.4570043,1,0.011,21.7,11.98,41.14
"2023-06-30 09:19:34.4",534,0.7611165,1,0.011,21.72,11.98,41.14
"2023-06-30 09:19:34.6",535,0.7611165,1,0.01,21.72,11.98,41.14
"2023-06-30 09:19:34.8",536,0.4570043,1,0.011,21.7,11.98,41.14
"2023-06-30 09:19:35",537,0.7611165,1,0.01,21.72,11.98,41.14
"2023-06-30 09:19:35.2",538,0.7611165,1,0.01,21.72,11.98,41.14
"2023-06-30 09:19:35.4",539,1.065227,1,0.011,21.72,11.98,41.14
"2023-06-30 09:19:35.6",540,0.7611165,1,0.01,21.72,11.98,41.14
"2023-06-30 09:19:35.8",541,0.1528933,1,0.012,21.7,11.98,41.14
"2023-06-30 09:19:36",542,0.7611165,1,0.011,21.7,11.98,41.14
"2023-06-30 09:19:36.2",543,0.4570043,1,0.01,21.7,11.98,41.14
"2023-06-30 09:19:36.4",544,0.7611165,1,0.01,21.72,11.98,41.14
"2023-06-30 09:19:36.6",545,0.4570043,1,0.011,21.72,11.98,41.14
"2023-06-30 09:19:36.8",546,0.7611165,1,0.01,21.72,11.98,41.14
"2023-06-30 09:19:37",547,0.4570043,1,0.012,21.72,11.98,41.14
"2023-06-30 09:19:37.2",548,0.4570043,1,0.011,21.72,11.98,41.14
"2023-06-30 09:19:37.4",549,0.4570043,1,0.01,21.72,11.98,41.14
"2023-06-30 09:19:37.6",550,0.7611165,1,0.01,21.72,11.98,41.14
"2023-06-30 09:19:37.8",551,1.065227,1,0.011,21.72,11.98,41.14
"2023-06-30 09:19:38",552,0.7611165,1,0.01,21.72,11.98,41.14
"2023-06-30 09:19:38.2",553,0.4570043,1,0.012,21.72,11.98,41.14
"2023-06-30 09:19:38.4",554,0.7611165,1,0.011,21.72,11.98,41.14
"2023-06-30 09:19:38.6",555,0.7611165,1,0.01,21.72,11.98,41.14
"2023-06-30 09:19:38.8",556,0.4570043,1,0.011,21.72,11.98,41.14
"2023-06-30 09:19:39",557,0.7611165,1,0.011,21.72,11.98,41.14
"2023-06-30 09:19:39.2",558,0.4570043,1,0.01,21.72,11.98,41.14
"2023-06-30 09:19:39.4",559,0.4570043,1,0.011,21.72,11.98,41.14
"2023-06-30 09:19:39.6",560,0.7611165,1,0.011,21.72,11.98,41.14
"2023-06-30 09:19:39.8",561,0.7611165,1,0.01,21.72,11.98,41.14
"2023-06-30 09:19:40",562,1.065227,1,0.011,21.72,11.98,41.14
"2023-06-30 09:19:40.2",563,0.7611165,1,0.01,21.72,11.98,41.14
"2023-06-30 09:19:40.4",564,0.7611165,1,0.01,21.72,11.98,41.14
"2023-06-30 09:19:40.6",565,0.4570043,1,0.011,21.72,11.98,41.14
"2023-06-30 09:19:40.8",566,0.7611165,1,0.01,21.72,11.98,41.14
"2023-06-30 09:19:41",567,0.4570043,1,0.01,21.72,11.98,41.14
"2023-06-30 09:19:41.2",568,0.4570043,1,0.011,21.72,11.98,41.14
"2023-06-30 09:19:41.4",569,0.7611165,1,0.01,21.72,11.98,41.14
"2023-06-30 09:19:41.6",570,0.7611165,1,0.01,21.72,11.98,41.14
"2023-06-30 09:19:41.8",571,1.065227,1,0.011,21.72,11.98,41.14
"2023-06-30 09:19:42",572,0.7611165,1,0.01,21.72,11.98,41.14
"2023-06-30 09:19:42.2",573,0.4570043,1,0.011,21.72,11.98,41.14
"2023-06-30 09:19:42.4",574,0.7611165,1,0.011,21.72,11.98,41.14
"2023-06-30 09:19:42.6",575,0.7611165,1,0.01,21.72,11.98,41.14
"2023-06-30 09:19:42.8",576,1.065227,1,0.011,21.72,11.98,41.14
"2023-06-30 09:19:43",577,0.7611165,1,0.011,21.72,11.98,41.14
"2023-06-30 09:19:43.2",578,0.7611165,1,0.01,21.72,11.98,41.14
"2023-06-30 09:19:43.4",579,1.065227,1,0.011,21.72,11.98,41.14
"2023-06-30 09:19:43.6",580,0.7611165,1,0.01,21.72,11.98,41.14
"2023-06-30 09:19:43.8",581,0.4570043,1,0.01,21.72,11.98,41.14
"2023-06-30 09:19:44",582,0.4570043,1,0.011,21.72,11.98,41.14
"2023-06-30 09:19:44.2",583,0.4570043,1,0.011,21.72,11.98,41.14
"2023-06-30 09:19:44.4",584,0.7611165,1,0.01,21.72,11.98,41.14
"2023-06-30 09:19:44.6",585,0.7611156,1,0.011,21.72,11.98,41.14
"2023-06-30 09:19:44.8",586,0.7611165,1,0.01,21.72,11.98,41.14
"2023-06-30 09:19:45",587,0.7611165,1,0.01,21.72,11.98,41.14
"2023-06-30 09:19:45.2",588,0.4570043,1,0.011,21.72,11.98,41.14
"2023-06-30 09:19:45.4",589,0.7611165,1,0.01,21.72,11.98,41.14
"2023-06-30 09:19:45.6",590,0.4570043,1,0.012,21.72,11.98,41.14
"2023-06-30 09:19:45.8",591,0.4570043,1,0.011,21.72,11.98,41.14
"2023-06-30 09:19:46",592,0.7611165,1,0.01,21.72,11.98,41.14
"2023-06-30 09:19:46.2",593,0.4570043,1,0.012,21.72,11.98,41.14
"2023-06-30 09:19:46.4",594,0.1528933,1,0.011,21.72,11.98,41.14
"2023-06-30 09:19:46.6",595,0.7611165,1,0.01,21.72,11.98,41.14
"2023-06-30 09:19:46.8",596,0.4570043,1,0.011,21.72,11.98,41.14
"2023-06-30 09:19:47",597,0.4570043,1,0.011,21.75,11.98,41.14
"2023-06-30 09:19:47.2",598,0.7611165,1,0.01,21.72,11.98,41.14
"2023-06-30 09:19:47.4",599,0.4570043,1,0.011,21.72,11.98,41.14
"2023-06-30 09:19:47.6",600,0.4570043,1,0.011,21.72,11.98,41.14
"2023-06-30 09:19:47.8",601,0.7611165,1,0.01,21.72,11.98,41.14
"2023-06-30 09:19:48",602,0.1528933,1,0.011,21.75,11.98,41.14
"2023-06-30 09:19:48.2",603,0.4570043,1,0.011,21.72,11.98,41.14
"2023-06-30 09:19:48.4",604,0.7611165,1,0.01,21.72,11.98,41.14
"2023-06-30 09:19:48.6",605,0.7611156,1,0.012,21.72,11.98,41.14
"2023-06-30 09:19:48.8",606,0.7611165,1,0.011,21.75,11.98,41.14
"2023-06-30 09:19:49",607,0.7611165,1,0.01,21.75,11.98,41.14
"2023-06-30 09:19:49.2",608,0.1528933,1,0.012,21.72,11.98,41.14
"2023-06-30 09:19:49.4",609,0.7611165,1,0.011,21.75,11.98,41.14
"2023-06-30 09:19:49.6",610,0.1528933,1,0.01,21.75,11.98,41.14
"2023-06-30 09:19:49.8",611,0.4570043,1,0.011,21.72,11.98,41.14
"2023-06-30 09:19:50",612,0.4570043,1,0.011,21.75,11.98,41.14
"2023-06-30 09:19:50.2",613,0.1528933,1,0.01,21.75,11.98,41.14
"2023-06-30 09:19:50.4",614,0.4570043,1,0.012,21.75,11.98,41.14
"2023-06-30 09:19:50.6",615,0.4570043,1,0.011,21.75,11.98,41.14
"2023-06-30 09:19:50.8",616,0.7611165,1,0.01,21.75,11.98,41.14
"2023-06-30 09:19:51",617,0.7611156,1,0.012,21.75,11.98,41.14
"2023-06-30 09:19:51.2",618,0.1528933,1,0.011,21.75,11.98,41.14
"2023-06-30 09:19:51.4",619,0.1528933,1,0.01,21.75,11.99,41.14
"2023-06-30 09:19:51.6",620,0.7611156,1,0.012,21.75,11.98,41.14
"2023-06-30 09:19:51.8",621,0.7611165,1,0.011,21.75,11.98,41.14
"2023-06-30 09:19:52",622,0.7611165,1,0.01,21.75,11.98,41.14
"2023-06-30 09:19:52.2",623,0.4570043,1,0.011,21.75,11.98,41.14
"2023-06-30 09:19:52.4",624,0.7611165,1,0.011,21.75,11.98,41.14
"2023-06-30 09:19:52.6",625,0.7611165,1,0.01,21.75,11.98,41.14
"2023-06-30 09:19:52.8",626,0.4570043,1,0.011,21.75,11.98,41.11
"2023-06-30 09:19:53",627,0.7611165,1,0.011,21.75,11.98,41.11
"2023-06-30 09:19:53.2",628,0.1528933,1,0.01,21.75,11.98,41.14
"2023-06-30 09:19:53.4",629,0.7611156,1,0.011,21.75,11.98,41.14
"2023-06-30 09:19:53.6",630,0.7611165,1,0.011,21.75,11.98,41.11
"2023-06-30 09:19:53.8",631,0.7611165,1,0.01,21.75,11.98,41.14
"2023-06-30 09:19:54",632,1.065227,1,0.011,21.75,11.98,41.14
"2023-06-30 09:19:54.2",633,0.7611165,1,0.011,21.75,11.98,41.14
"2023-06-30 09:19:54.4",634,0.7611165,1,0.01,21.75,11.98,41.11
"2023-06-30 09:19:54.6",635,1.065227,1,0.011,21.75,11.98,41.11
"2023-06-30 09:19:54.8",636,0.7611165,1,0.01,21.75,11.98,41.11
"2023-06-30 09:19:55",637,0.7611165,1,0.01,21.75,11.98,41.11
"2023-06-30 09:19:55.2",638,0.7611156,1,0.011,21.75,11.98,41.11
"2023-06-30 09:19:55.4",639,0.7611165,1,0.01,21.75,11.98,41.14
"2023-06-30 09:19:55.6",640,0.7611165,1,0.01,21.75,11.98,41.14
"2023-06-30 09:19:55.8",641,1.065227,1,0.011,21.75,11.98,41.11
"2023-06-30 09:19:56",642,0.7611165,1,0.01,21.75,11.98,41.11
"2023-06-30 09:19:56.2",643,1.065227,1,0.011,21.75,11.98,41.11
"2023-06-30 09:19:56.4",644,0.7611165,1,0.011,21.75,11.98,41.11
"2023-06-30 09:19:56.6",645,0.7611165,1,0.01,21.75,11.98,41.11
"2023-06-30 09:19:56.8",646,1.065227,1,0.011,21.75,11.98,41.11
"2023-06-30 09:19:57",647,0.7611165,1,0.011,21.75,11.98,41.11
"2023-06-30 09:19:57.2",648,0.1528933,1,0.01,21.75,11.98,41.11
"2023-06-30 09:19:57.4",649,0.7611156,1,0.011,21.75,11.98,41.11
"2023-06-30 09:19:57.6",650,0.7611165,1,0.011,21.75,11.98,41.11
"2023-06-30 09:19:57.8",651,0.1528933,1,0.01,21.75,11.98,41.11
"2023-06-30 09:19:58",652,0.4570043,1,0.011,21.75,11.98,41.11
"2023-06-30 09:19:58.2",653,0.7611165,1,0.011,21.75,11.98,41.11
"2023-06-30 09:19:58.4",654,0.7611165,1,0.01,21.75,11.98,41.11
"2023-06-30 09:19:58.6",655,0.4570043,1,0.011,21.75,11.98,41.11
"2023-06-30 09:19:58.8",656,0.7611165,1,0.011,21.75,11.98,41.11
"2023-06-30 09:19:59",657,0.7611165,1,0.01,21.75,11.98,41.11
"2023-06-30 09:19:59.2",658,0.7611156,1,0.011,21.75,11.98,41.11
"2023-06-30 09:19:59.4",659,0.7611165,1,0.011,21.75,11.98,41.11
"2023-06-30 09:19:59.6",660,0.7611165,1,0.01,21.75,11.98,41.11
"2023-06-30 09:19:59.8",661,1.065227,1,0.011,21.75,11.98,41.11
"2023-06-30 09:20:00",662,0.1528933,1,0.01,21.75,11.98,41.11
"2023-06-30 09:20:00.2",663,0.1528933,1,0.01,21.75,11.98,41.11
"2023-06-30 09:20:00.4",664,0.7611156,1,0.011,21.75,11.98,41.11
"2023-06-30 09:20:00.6",665,0.1528933,1,0.01,21.75,11.98,41.11
"2023-06-30 09:20:00.8",666,0.1528933,1,0.01,21.75,11.98,41.07
"2023-06-30 09:20:01",667,0.7611156,1,0.011,21.75,11.98,41.11
"2023-06-30 09:20:01.2",668,0.1528933,1,0.01,21.75,11.98,41.11
"2023-06-30 09:20:01.4",669,0.7611165,1,0.01,21.75,11.98,41.11
"2023-06-30 09:20:01.6",670,0.7611156,1,0.011,21.75,11.98,41.11
"2023-06-30 09:20:01.8",671,0.7611165,1,0.01,21.75,11.98,41.07
"2023-06-30 09:20:02",672,0.7611165,1,0.01,21.75,11.98,41.11
"2023-06-30 09:20:02.2",673,0.7611156,1,0.011,21.75,11.98,41.07
"2023-06-30 09:20:02.4",674,0.7611165,1,0.01,21.75,11.98,41.11
"2023-06-30 09:20:02.6",675,0.7611165,1,0.01,21.75,11.98,41.11
"2023-06-30 09:20:02.8",676,0.7611156,1,0.011,21.75,11.98,41.11
"2023-06-30 09:20:03",677,0.7611165,1,0.01,21.75,11.98,41.11
"2023-06-30 09:20:03.2",678,0.7611165,1,0.01,21.75,11.98,41.11
"2023-06-30 09:20:03.4",679,0.7611156,1,0.011,21.75,11.98,41.11
"2023-06-30 09:20:03.6",680,0.1528933,1,0.01,21.75,11.98,41.07
"2023-06-30 09:20:03.8",681,0.1528933,1,0.01,21.75,11.98,41.07
"2023-06-30 09:20:04",682,0.7611156,1,0.011,21.75,11.98,41.11
"2023-06-30 09:20:04.2",683,0.7611165,1,0.01,21.75,11.98,41.11
"2023-06-30 09:20:04.4",684,0.1528933,1,0.01,21.75,11.98,41.07
"2023-06-30 09:20:04.6",685,1.065227,1,0.011,21.75,11.98,41.07
"2023-06-30 09:20:04.8",686,0.1528933,1,0.01,21.75,11.98,41.11
"2023-06-30 09:20:05",687,0.7611156,1,0.012,21.75,11.98,41.07
"2023-06-30 09:20:05.2",688,0.1528933,1,0.011,21.75,11.99,41.07
"2023-06-30 09:20:05.4",689,0.7611165,1,0.01,21.75,11.98,41.07
"2023-06-30 09:20:05.6",690,0.7611156,1,0.012,21.75,11.98,41.11
"2023-06-30 09:20:05.8",691,0.1528933,1,0.011,21.75,11.98,41.07
"2023-06-30 09:20:06",692,0.1528933,1,0.01,21.75,11.98,41.11
"2023-06-30 09:20:06.2",693,1.065227,1,0.011,21.75,11.98,41.11
"2023-06-30 09:20:06.4",694,0.1528933,1,0.011,21.75,11.98,41.07
"2023-06-30 09:20:06.6",695,0.1528933,1,0.01,21.75,11.98,41.07
"2023-06-30 09:20:06.8",696,0.7611156,1,0.011,21.75,11.98,41.07
"2023-06-30 09:20:07",697,0.1528933,1,0.011,21.75,11.98,41.11
"2023-06-30 09:20:07.2",698,0.7611165,1,0.01,21.75,11.98,41.07
"2023-06-30 09:20:07.4",699,0.7611156,1,0.011,21.75,11.98,41.07
"2023-06-30 09:20:07.6",700,0.7611165,1,0.011,21.75,11.98,41.07
"2023-06-30 09:20:07.8",701,0.7611165,1,0.01,21.75,11.98,41.07
"2023-06-30 09:20:08",702,1.065227,1,0.011,21.75,11.98,41.07
"2023-06-30 09:20:08.2",703,0.1528933,1,0.011,21.75,11.98,41.07
"2023-06-30 09:20:08.4",704,0.1528933,1,0.01,21.75,11.98,41.07
"2023-06-30 09:20:08.6",705,0.7611156,1,0.011,21.75,11.98,41.07
"2023-06-30 09:20:08.8",706,0.1528933,1,0.011,21.75,11.98,41.07
"2023-06-30 09:20:09",707,0.1528933,1,0.01,21.75,11.98,41.07
"2023-06-30 09:20:09.2",708,1.065227,1,0.011,21.75,11.98,41.07
"2023-06-30 09:20:09.4",709,0.1528933,1,0.01,21.75,11.98,41.07
"2023-06-30 09:20:09.6",710,0.1528933,1,0.01,21.75,11.98,41.07
"2023-06-30 09:20:09.8",711,0.7611156,1,0.011,21.75,11.98,41.07
"2023-06-30 09:20:10",712,0.1528933,1,0.01,21.75,11.98,41.07
"2023-06-30 09:20:10.2",713,0.1528933,1,0.01,21.75,11.98,41.07
"2023-06-30 09:20:10.4",714,0.7611156,1,0.011,21.75,11.98,41.07
"2023-06-30 09:20:10.6",715,0.1528933,1,0.01,21.75,11.98,41.07
"2023-06-30 09:20:10.8",716,0.1528933,1,0.01,21.78,11.98,41.07
"2023-06-30 09:20:11",717,0.7611156,1,0.011,21.75,11.98,41.07
"2023-06-30 09:20:11.2",718,0.7611165,1,0.01,21.75,11.98,41.07
"2023-06-30 09:20:11.4",719,0.7611165,1,0.01,21.75,11.98,41.07
"2023-06-30 09:20:11.6",720,0.7611156,1,0.011,21.78,11.98,41.07
"2023-06-30 09:20:11.8",721,0.1528933,1,0.01,21.75,11.98,41.07
"2023-06-30 09:20:12",722,0.7611165,1,0.01,21.75,11.98,41.07
"2023-06-30 09:20:12.2",723,0.1528933,1,0.011,21.78,11.99,41.07
"2023-06-30 09:20:12.4",724,0.1528933,1,0.01,21.75,11.98,41.07
"2023-06-30 09:20:12.6",725,0.1528933,1,0.01,21.78,11.98,41.07
"2023-06-30 09:20:12.8",726,0.7611156,1,0.011,21.78,11.98,41.07
"2023-06-30 09:20:13",727,0.1528933,1,0.01,21.75,11.98,41.07
"2023-06-30 09:20:13.2",728,0.1528933,1,0.01,21.78,11.98,41.07
"2023-06-30 09:20:13.4",729,0.7611156,1,0.011,21.78,11.98,41.07
"2023-06-30 09:20:13.6",730,0.1528933,1,0.01,21.78,11.98,41.07
"2023-06-30 09:20:13.8",731,0.1528933,1,0.01,21.78,11.98,41.07
"2023-06-30 09:20:14",732,0.7611156,1,0.011,21.78,11.98,41.07
"2023-06-30 09:20:14.2",733,0.1528933,1,0.01,21.78,11.98,41.07
"2023-06-30 09:20:14.4",734,0.1528933,1,0.01,21.78,11.98,41.07
"2023-06-30 09:20:14.6",735,0.7611156,1,0.011,21.78,11.98,41.07
"2023-06-30 09:20:14.8",736,0.1528933,1,0.01,21.78,11.98,41.07
"2023-06-30 09:20:15",737,0.7611165,1,0.01,21.78,11.98,41.07
"2023-06-30 09:20:15.2",738,0.7611156,1,0.011,21.78,11.98,41.07
"2023-06-30 09:20:15.4",739,0.7611165,1,0.01,21.78,11.98,41.07
"2023-06-30 09:20:15.6",740,0.7611165,1,0.01,21.78,11.98,41.07
"2023-06-30 09:20:15.8",741,0.7611156,1,0.011,21.78,11.98,41.07
"2023-06-30 09:20:16",742,0.7611165,1,0.01,21.78,11.98,41.07
"2023-06-30 09:20:16.2",743,0.1528933,1,0.01,21.78,11.98,41.07
"2023-06-30 09:20:16.4",744,0.7611156,1,0.011,21.78,11.98,41.07
"2023-06-30 09:20:16.6",745,0.7611165,1,0.01,21.78,11.98,41.07
"2023-06-30 09:20:16.8",746,0.4570043,1,0.01,21.78,11.98,41.07
"2023-06-30 09:20:17",747,0.7611156,1,0.011,21.78,11.98,41.07
"2023-06-30 09:20:17.2",748,0.7611165,1,0.011,21.78,11.98,41.07
"2023-06-30 09:20:17.4",749,0.4570043,1,0.01,21.78,11.98,41.07
"2023-06-30 09:20:17.6",750,0.7611156,1,0.011,21.78,11.98,41.07
"2023-06-30 09:20:17.8",751,0.4570043,1,0.011,21.78,11.98,41.07
"2023-06-30 09:20:18",752,0.7611165,1,0.01,21.78,11.98,41.07
"2023-06-30 09:20:18.2",753,0.7611156,1,0.011,21.78,11.98,41.07
"2023-06-30 09:20:18.4",754,0.1528933,1,0.011,21.78,11.98,41.07
"2023-06-30 09:20:18.6",755,0.1528933,1,0.01,21.78,11.98,41.07
"2023-06-30 09:20:18.8",756,0.7611156,1,0.011,21.78,11.98,41.07
"2023-06-30 09:20:19",757,0.1528933,1,0.011,21.78,11.98,41.07
"2023-06-30 09:20:19.2",758,0.1528933,1,0.01,21.78,11.98,41.07
"2023-06-30 09:20:19.4",759,0.7611156,1,0.011,21.78,11.98,41.07
"2023-06-30 09:20:19.6",760,0.7611165,1,0.011,21.78,11.98,41.07
"2023-06-30 09:20:19.8",761,0.1528933,1,0.01,21.78,11.98,41.07
"2023-06-30 09:20:20",762,0.7611156,1,0.011,21.78,11.98,41.07
"2023-06-30 09:20:20.2",763,0.7611165,1,0.011,21.78,11.98,41.07
"2023-06-30 09:20:20.4",764,0.1528933,1,0.01,21.78,11.98,41.07
"2023-06-30 09:20:20.6",765,0.7611156,1,0.011,21.78,11.98,41.07
"2023-06-30 09:20:20.8",766,0.1528933,1,0.011,21.78,11.98,41.07
"2023-06-30 09:20:21",767,0.1528933,1,0.01,21.78,11.98,41.07
"2023-06-30 09:20:21.2",768,0.7611156,1,0.011,21.78,11.98,41.07
"2023-06-30 09:20:21.4",769,0.7611165,1,0.011,21.78,11.98,41.07
"2023-06-30 09:20:21.6",770,0.1528933,1,0.01,21.78,11.98,41.07
"2023-06-30 09:20:21.8",771,0.7611156,1,0.011,21.78,11.98,41.07
"2023-06-30 09:20:22",772,0.7611165,1,0.011,21.78,11.98,41.07
"2023-06-30 09:20:22.2",773,0.1528933,1,0.01,21.78,11.98,41.07
"2023-06-30 09:20:22.4",774,0.7611156,1,0.011,21.78,11.98,41.07
"2023-06-30 09:20:22.6",775,0.1528933,1,0.011,21.78,11.98,41.07
"2023-06-30 09:20:22.8",776,0.7611165,1,0.01,21.78,11.99,41.07
"2023-06-30 09:20:23",777,1.065227,1,0.011,21.78,11.98,41.07
"2023-06-30 09:20:23.2",778,0.7611165,1,0.01,21.78,11.98,41.07
"2023-06-30 09:20:23.4",779,0.1528933,1,0.01,21.78,11.98,41.07
"2023-06-30 09:20:23.6",780,0.7611156,1,0.011,21.78,11.98,41.07
"2023-06-30 09:20:23.8",781,0.7611165,1,0.01,21.78,11.98,41.07
"2023-06-30 09:20:24",782,0.7611165,1,0.01,21.78,11.98,41.07
"2023-06-30 09:20:24.2",783,0.7611175,1,0.011,21.78,11.98,41.04
"2023-06-30 09:20:24.4",784,0.1528955,1,0.01,21.78,11.98,41.07
"2023-06-30 09:20:24.6",785,0.7611196,1,0.01,21.78,11.98,41.07
"2023-06-30 09:20:24.8",786,0.7611175,1,0.011,21.78,11.98,41.04
"2023-06-30 09:20:25",787,0.7611196,1,0.01,21.78,11.98,41.07
"2023-06-30 09:20:25.2",788,0.7611196,1,0.01,21.78,11.98,41.07
"2023-06-30 09:20:25.4",789,0.7611175,1,0.011,21.78,11.98,41.07
"2023-06-30 09:20:25.6",790,0.1528955,1,0.01,21.78,11.98,41.04
"2023-06-30 09:20:25.8",791,0.7611196,1,0.01,21.78,11.98,41.04
"2023-06-30 09:20:26",792,0.7611175,1,0.011,21.78,11.98,41.04
"2023-06-30 09:20:26.2",793,0.7611196,1,0.01,21.78,11.98,41.07
"2023-06-30 09:20:26.4",794,0.7611196,1,0.01,21.81,11.98,41.07
"2023-06-30 09:20:26.6",795,1.06523,1,0.011,21.78,11.98,41.07
"2023-06-30 09:20:26.8",796,0.1528955,1,0.01,21.78,11.98,41.04
"2023-06-30 09:20:27",797,0.1528955,1,0.01,21.78,11.98,41.07
"2023-06-30 09:20:27.2",798,0.7611175,1,0.011,21.81,11.98,41.04
"2023-06-30 09:20:27.4",799,0.1528955,1,0.01,21.78,11.98,41.04
"2023-06-30 09:20:27.6",800,0.1528955,1,0.01,21.81,11.98,41.04
"2023-06-30 09:20:27.8",801,0.7611175,1,0.011,21.78,11.98,41.07
"2023-06-30 09:20:28",802,0.1528955,1,0.01,21.78,11.98,41.04
"2023-06-30 09:20:28.2",803,0.1528955,1,0.01,21.81,11.98,41.04
"2023-06-30 09:20:28.4",804,0.7611175,1,0.011,21.78,11.98,41.04
"2023-06-30 09:20:28.6",805,0.1528955,1,0.01,21.81,11.98,41.04
"2023-06-30 09:20:28.8",806,0.1528955,1,0.01,21.81,11.98,41.04
"2023-06-30 09:20:29",807,0.7611175,1,0.011,21.81,11.98,41.04
"2023-06-30 09:20:29.2",808,0.1528955,1,0.01,21.81,11.98,41.04
"2023-06-30 09:20:29.4",809,0.1528955,1,0.01,21.81,11.98,41.04
"2023-06-30 09:20:29.6",810,0.4570076,1,0.011,21.81,11.98,41.04
"2023-06-30 09:20:29.8",811,0.1528955,1,0.01,21.81,11.98,41.04
"2023-06-30 09:20:30",812,0.7611175,1,0.012,21.81,11.98,41.04
"2023-06-30 09:20:30.2",813,0.1528955,1,0.011,21.81,11.98,41.04
"2023-06-30 09:20:30.4",814,0.1528955,1,0.01,21.81,11.98,41.04
"2023-06-30 09:20:30.6",815,0.4570076,1,0.011,21.81,11.98,41.04
"2023-06-30 09:20:30.8",816,0.1528955,1,0.011,21.81,11.98,41.04
"2023-06-30 09:20:31",817,0.1528955,1,0.01,21.81,11.98,41.04
"2023-06-30 09:20:31.2",818,0.7611175,1,0.011,21.81,11.98,41.04
"2023-06-30 09:20:31.4",819,0.1528955,1,0.011,21.81,11.98,41.04
"2023-06-30 09:20:31.6",820,0.1528955,1,0.01,21.81,11.98,41.04
"2023-06-30 09:20:31.8",821,0.7611175,1,0.011,21.81,11.99,41.04
"2023-06-30 09:20:32",822,0.1528955,1,0.011,21.81,11.98,41.04
"2023-06-30 09:20:32.2",823,0.1528955,1,0.01,21.81,11.98,41.04
"2023-06-30 09:20:32.4",824,0.7611175,1,0.011,21.81,11.98,41.04
"2023-06-30 09:20:32.6",825,0.7611196,1,0.011,21.81,11.98,41.04
"2023-06-30 09:20:32.8",826,0.1528955,1,0.01,21.81,11.98,41.04
"2023-06-30 09:20:33",827,0.1528955,1,0.011,21.81,11.98,41.04
"2023-06-30 09:20:33.2",828,0.1528955,1,0.011,21.81,11.98,41.04
"2023-06-30 09:20:33.4",829,0.1528955,1,0.01,21.81,11.98,41.04
"2023-06-30 09:20:33.6",830,0.1528955,1,0.011,21.81,11.98,41.04
"2023-06-30 09:20:33.8",831,0.1528955,1,0.011,21.81,11.98,41.04
"2023-06-30 09:20:34",832,0.1528955,1,0.01,21.81,11.98,41.04
"2023-06-30 09:20:34.2",833,0.7611175,1,0.011,21.81,11.98,41.04
"2023-06-30 09:20:34.4",834,0.1528955,1,0.011,21.81,11.98,41.04
"2023-06-30 09:20:34.6",835,0.1528955,1,0.01,21.81,11.98,41.04
"2023-06-30 09:20:34.8",836,0.7611175,1,0.011,21.81,11.98,41.04
"2023-06-30 09:20:35",837,0.1528955,1,0.011,21.81,11.98,41.04
"2023-06-30 09:20:35.2",838,0.1528955,1,0.01,21.81,11.98,41.04
"2023-06-30 09:20:35.4",839,0.4570076,1,0.011,21.81,11.98,41.04
"2023-06-30 09:20:35.6",840,0.1528955,1,0.01,21.81,11.98,41.04
"2023-06-30 09:20:35.8",841,0.1528955,1,0.01,21.81,11.98,41.04
"2023-06-30 09:20:36",842,0.7611175,1,0.011,21.81,11.98,41.04
"2023-06-30 09:20:36.2",843,0.1528955,1,0.01,21.81,11.98,41.04
"2023-06-30 09:20:36.4",844,0.1528955,1,0.01,21.81,11.98,41.04
"2023-06-30 09:20:36.6",845,0.1528955,1,0.011,21.81,11.98,41.04
"2023-06-30 09:20:36.8",846,0.1528955,1,0.01,21.81,11.98,41.04
"2023-06-30 09:20:37",847,0.1528955,1,0.01,21.81,11.98,41.04
"2023-06-30 09:20:37.2",848,0.7611175,1,0.011,21.81,11.98,41.04
"2023-06-30 09:20:37.4",849,0.7611196,1,0.01,21.81,11.98,41.04
"2023-06-30 09:20:37.6",850,0.7611196,1,0.01,21.81,11.98,41.04
"2023-06-30 09:20:37.8",851,0.7611175,1,0.011,21.81,11.98,41.04
"2023-06-30 09:20:38",852,0.7611196,1,0.01,21.81,11.98,41.01
"2023-06-30 09:20:38.2",853,0.1528955,1,0.01,21.81,11.98,41.04
"2023-06-30 09:20:38.4",854,0.7611175,1,0.011,21.81,11.98,41.01
"2023-06-30 09:20:38.6",855,0.7611196,1,0.01,21.81,11.98,41.04
"2023-06-30 09:20:38.8",856,0.7611196,1,0.01,21.81,11.98,41.01
"2023-06-30 09:20:39",857,0.7611175,1,0.011,21.81,11.98,41.01
"2023-06-30 09:20:39.2",858,0.7611196,1,0.01,21.81,11.98,41.04
"2023-06-30 09:20:39.4",859,0.1528955,1,0.01,21.81,11.98,41.04
"2023-06-30 09:20:39.6",860,0.7611175,1,0.011,21.81,11.98,41.01
"2023-06-30 09:20:39.8",861,0.1528955,1,0.01,21.81,11.98,41.01
"2023-06-30 09:20:40",862,0.1528955,1,0.01,21.81,11.98,41.01
"2023-06-30 09:20:40.2",863,0.7611175,1,0.011,21.81,11.98,41.04
"2023-06-30 09:20:40.4",864,0.1528955,1,0.01,21.81,11.98,41.01
"2023-06-30 09:20:40.6",865,0.1528955,1,0.01,21.81,11.98,41.01
"2023-06-30 09:20:40.8",866,0.7611175,1,0.011,21.81,11.98,41.01
"2023-06-30 09:20:41",867,0.1528955,1,0.01,21.81,11.98,41.04
"2023-06-30 09:20:41.2",868,0.1528955,1,0.01,21.81,11.98,41.04
"2023-06-30 09:20:41.4",869,0.7611175,1,0.011,21.81,11.98,41.01
"2023-06-30 09:20:41.6",870,0.1528955,1,0.01,21.81,11.98,41.01
"2023-06-30 09:20:41.8",871,0.1528955,1,0.01,21.81,11.98,41.01
"2023-06-30 09:20:42",872,0.7611175,1,0.011,21.81,11.98,41.01
"2023-06-30 09:20:42.2",873,0.1528955,1,0.01,21.81,11.98,41.04
"2023-06-30 09:20:42.4",874,0.1528955,1,0.01,21.81,11.98,41.01
"2023-06-30 09:20:42.6",875,0.1528955,1,0.011,21.81,11.98,41.01
"2023-06-30 09:20:42.8",876,0.1528955,1,0.01,21.81,11.98,41.01
"2023-06-30 09:20:43",877,0.1528955,1,0.01,21.81,11.98,41.01
"2023-06-30 09:20:43.2",878,0.7611175,1,0.011,21.81,11.98,41.01
"2023-06-30 09:20:43.4",879,0.7611196,1,0.01,21.81,11.98,41.01
"2023-06-30 09:20:43.6",880,0.4570076,1,0.01,21.81,11.98,41.01
"2023-06-30 09:20:43.8",881,0.7611175,1,0.011,21.81,11.98,41.01
"2023-06-30 09:20:44",882,0.1528955,1,0.011,21.81,11.98,41.01
"2023-06-30 09:20:44.2",883,0.4570076,1,0.01,21.81,11.98,41.01
"2023-06-30 09:20:44.4",884,0.7611175,1,0.011,21.81,11.98,41.01
"2023-06-30 09:20:44.6",885,0.7611196,1,0.011,21.81,11.98,41.01
"2023-06-30 09:20:44.8",886,0.1528955,1,0.01,21.81,11.98,41.01
"2023-06-30 09:20:45",887,0.7611196,1,0.011,21.81,11.98,41.01
"2023-06-30 09:20:45.2",888,0.1528955,1,0.011,21.81,11.98,41.01
"2023-06-30 09:20:45.4",889,0.1528955,1,0.01,21.81,11.98,41.01
"2023-06-30 09:20:45.6",890,0.1528955,1,0.011,21.81,11.98,41.01
"2023-06-30 09:20:45.8",891,0.1528955,1,0.011,21.81,11.98,41.01
"2023-06-30 09:20:46",892,0.1528955,1,0.01,21.81,11.98,41.01
"2023-06-30 09:20:46.2",893,0.4570076,1,0.011,21.81,11.98,41.01
"2023-06-30 09:20:46.4",894,0.1528955,1,0.01,21.81,11.98,41.01
"2023-06-30 09:20:46.6",895,0.1528955,1,0.01,21.81,11.98,41.01
"2023-06-30 09:20:46.8",896,1.06523,1,0.011,21.81,11.98,41.01
"2023-06-30 09:20:47",897,0.1528955,1,0.01,21.81,11.98,41.01
"2023-06-30 09:20:47.2",898,0.7611175,1,0.012,21.81,11.98,41.01
"2023-06-30 09:20:47.4",899,0.1528955,1,0.011,21.81,11.98,41.01
"2023-06-30 09:20:47.6",900,0.1528955,1,0.01,21.81,11.98,41.01
"2023-06-30 09:20:47.8",901,1.06523,1,0.011,21.84,11.98,41.01
"2023-06-30 09:20:48",902,0.1528955,1,0.011,21.81,11.98,41.01
"2023-06-30 09:20:48.2",903,-0.1512167,1,0.01,21.84,11.98,41.01
"2023-06-30 09:20:48.4",904,0.7611175,1,0.012,21.81,11.98,41.01
"2023-06-30 09:20:48.6",905,0.1528955,1,0.011,21.81,11.98,41.01
"2023-06-30 09:20:48.8",906,0.1528955,1,0.01,21.84,11.98,41.01
"2023-06-30 09:20:49",907,0.7611175,1,0.012,21.84,11.98,41.01
"2023-06-30 09:20:49.2",908,0.1528955,1,0.011,21.81,11.98,41.01
"2023-06-30 09:20:49.4",909,0.1528955,1,0.01,21.84,11.98,41.01
"2023-06-30 09:20:49.6",910,0.4570076,1,0.012,21.84,11.98,41.01
"2023-06-30 09:20:49.8",911,0.7611196,1,0.011,21.84,11.98,41.01
"2023-06-30 09:20:50",912,0.1528955,1,0.01,21.84,11.98,41.01
"2023-06-30 09:20:50.2",913,0.7611175,1,0.011,21.81,11.98,41.01
"2023-06-30 09:20:50.4",914,0.1528955,1,0.011,21.81,11.98,41.01
"2023-06-30 09:20:50.6",915,0.1528955,1,0.01,21.84,11.98,41.01
"2023-06-30 09:20:50.8",916,0.7611175,1,0.012,21.81,11.98,41.01
"2023-06-30 09:20:51",917,0.7611196,1,0.011,21.84,11.98,41.01
"2023-06-30 09:20:51.2",918,0.1528955,1,0.01,21.84,11.98,41.01
"2023-06-30 09:20:51.4",919,0.7611175,1,0.011,21.84,11.98,41.01
"2023-06-30 09:20:51.6",920,0.1528955,1,0.011,21.84,11.98,41.01
"2023-06-30 09:20:51.8",921,0.1528955,1,0.01,21.81,11.98,41.01
"2023-06-30 09:20:52",922,0.7611175,1,0.011,21.84,11.98,41.01
"2023-06-30 09:20:52.2",923,0.1528955,1,0.011,21.84,11.98,41.01
"2023-06-30 09:20:52.4",924,0.1528955,1,0.01,21.84,11.98,41.01
"2023-06-30 09:20:52.6",925,0.7611175,1,0.011,21.84,11.98,41.01
"2023-06-30 09:20:52.8",926,0.7611196,1,0.011,21.81,11.98,41.01
"2023-06-30 09:20:53",927,0.1528955,1,0.01,21.84,11.98,41.01
"2023-06-30 09:20:53.2",928,0.7611175,1,0.011,21.81,11.98,41.01
"2023-06-30 09:20:53.4",929,0.1528955,1,0.011,21.84,11.98,41.01
"2023-06-30 09:20:53.6",930,0.1528955,1,0.01,21.84,11.98,41.01
"2023-06-30 09:20:53.8",931,0.7611175,1,0.011,21.84,11.98,41.01
"2023-06-30 09:20:54",932,0.1528955,1,0.011,21.84,11.98,41.01
"2023-06-30 09:20:54.2",933,0.1528955,1,0.01,21.84,11.98,41.01
"2023-06-30 09:20:54.4",934,0.1528955,1,0.011,21.84,11.98,41.01
"2023-06-30 09:20:54.6",935,0.1528955,1,0.011,21.84,11.98,41.01
"2023-06-30 09:20:54.8",936,0.1528955,1,0.01,21.84,11.98,41.01
"2023-06-30 09:20:55",937,0.1528955,1,0.011,21.84,11.98,41.01
"2023-06-30 09:20:55.2",938,0.1528955,1,0.011,21.84,11.98,41.01
"2023-06-30 09:20:55.4",939,0.1528955,1,0.01,21.84,11.98,41.01
"2023-06-30 09:20:55.6",940,0.7611175,1,0.011,21.84,11.98,41.01
"2023-06-30 09:20:55.8",941,0.1528955,1,0.011,21.84,11.98,41.01
"2023-06-30 09:20:56",942,0.1528955,1,0.01,21.84,11.98,41.01
"2023-06-30 09:20:56.2",943,0.7611175,1,0.011,21.84,11.98,41.01
"2023-06-30 09:20:56.4",944,0.1528955,1,0.011,21.84,11.98,41.01
"2023-06-30 09:20:56.6",945,0.1528955,1,0.01,21.84,11.98,41.01
"2023-06-30 09:20:56.8",946,0.7611175,1,0.011,21.84,11.98,41.01
"2023-06-30 09:20:57",947,0.1528955,1,0.011,21.84,11.98,41.01
"2023-06-30 09:20:57.2",948,0.1528955,1,0.01,21.84,11.98,41.01
"2023-06-30 09:20:57.4",949,0.7611175,1,0.011,21.84,11.98,41.01
"2023-06-30 09:20:57.6",950,0.1528955,1,0.011,21.84,11.98,41.01
"2023-06-30 09:20:57.8",951,0.1528955,1,0.01,21.84,11.98,41.01
"2023-06-30 09:20:58",952,0.1528955,1,0.011,21.84,11.98,41.01
"2023-06-30 09:20:58.2",953,0.1528955,1,0.011,21.84,11.98,41.01
"2023-06-30 09:20:58.4",954,0.1528955,1,0.01,21.84,11.98,41.01
"2023-06-30 09:20:58.6",955,0.1528955,1,0.011,21.84,11.98,41.01
"2023-06-30 09:20:58.8",956,0.1528955,1,0.011,21.84,11.98,41.01
"2023-06-30 09:20:59",957,0.1528955,1,0.01,21.84,11.98,41.01
"2023-06-30 09:20:59.2",958,0.4570076,1,0.011,21.84,11.98,41.01
"2023-06-30 09:20:59.4",959,0.1528955,1,0.011,21.84,11.98,41.01
"2023-06-30 09:20:59.6",960,0.1528955,1,0.01,21.84,11.98,41.01
"2023-06-30 09:20:59.8",961,0.7611175,1,0.011,21.84,11.98,41.01
"2023-06-30 09:21:00",962,0.1528955,1,0.011,21.84,11.98,41.01
"2023-06-30 09:21:00.2",963,0.1528955,1,0.01,21.84,11.98,41.01
"2023-06-30 09:21:00.4",964,0.1528955,1,0.011,21.84,11.98,41.01
"2023-06-30 09:21:00.6",965,0.1528955,1,0.011,21.84,11.98,41.01
"2023-06-30 09:21:00.8",966,0.1528955,1,0.01,21.84,11.98,41.01
"2023-06-30 09:21:01",967,0.7611175,1,0.011,21.84,11.98,41.01
"2023-06-30 09:21:01.2",968,0.1528955,1,0.011,21.84,11.98,40.97
"2023-06-30 09:21:01.4",969,0.1528955,1,0.01,21.84,11.98,40.97
"2023-06-30 09:21:01.6",970,0.7611175,1,0.011,21.84,11.98,41.01
"2023-06-30 09:21:01.8",971,0.1528955,1,0.011,21.84,11.98,41.01
"2023-06-30 09:21:02",972,0.1528955,1,0.01,21.84,11.98,41.01
"2023-06-30 09:21:02.2",973,0.7611175,1,0.011,21.84,11.98,41.01
"2023-06-30 09:21:02.4",974,0.1528955,1,0.011,21.84,11.98,40.97
"2023-06-30 09:21:02.6",975,0.1528955,1,0.01,21.84,11.98,40.97
"2023-06-30 09:21:02.8",976,0.1528955,1,0.011,21.84,11.98,41.01
"2023-06-30 09:21:03",977,0.1528955,1,0.011,21.84,11.98,41.01
"2023-06-30 09:21:03.2",978,0.1528955,1,0.01,21.84,11.98,40.97
"2023-06-30 09:21:03.4",979,0.1528955,1,0.011,21.84,11.98,40.97
"2023-06-30 09:21:03.6",980,0.1528955,1,0.011,21.84,11.98,41.01
"2023-06-30 09:21:03.8",981,0.1528955,1,0.01,21.84,11.98,41.01
"2023-06-30 09:21:04",982,0.7611175,1,0.011,21.84,11.98,41.01
"2023-06-30 09:21:04.2",983,0.1528955,1,0.011,21.84,11.98,40.97
"2023-06-30 09:21:04.4",984,0.1528955,1,0.01,21.84,11.98,41.01
"2023-06-30 09:21:04.6",985,0.7611175,1,0.011,21.84,11.98,40.97
"2023-06-30 09:21:04.8",986,0.1528955,1,0.011,21.84,11.98,40.97
"2023-06-30 09:21:05",987,0.1528955,1,0.01,21.84,11.98,41.01
"2023-06-30 09:21:05.2",988,0.1528955,1,0.011,21.84,11.98,40.97
"2023-06-30 09:21:05.4",989,0.1528955,1,0.011,21.84,11.98,40.97
"2023-06-30 09:21:05.6",990,0.1528955,1,0.01,21.84,11.98,40.97
"2023-06-30 09:21:05.8",991,0.1528955,1,0.011,21.84,11.98,41.01
"2023-06-30 09:21:06",992,0.1528955,1,0.011,21.84,11.98,40.97
"2023-06-30 09:21:06.2",993,0.1528955,1,0.01,21.84,11.98,40.97
"2023-06-30 09:21:06.4",994,0.1528955,1,0.011,21.84,11.98,40.97
"2023-06-30 09:21:06.6",995,0.1528955,1,0.011,21.86,11.98,41.01
"2023-06-30 09:21:06.8",996,0.1528955,1,0.01,21.84,11.98,40.97
"2023-06-30 09:21:07",997,0.1528955,1,0.011,21.84,11.98,40.97
"2023-06-30 09:21:07.2",998,0.1528955,1,0.011,21.86,11.98,41.01
"2023-06-30 09:21:07.4",999,0.1528955,1,0.01,21.84,11.98,40.97
"2023-06-30 09:21:07.6",1000,0.4570076,1,0.011,21.86,11.98,40.97
"2023-06-30 09:21:07.8",1001,0.1528955,1,0.01,21.86,11.98,40.97
"2023-06-30 09:21:08",1002,0.1528955,1,0.01,21.86,11.98,40.97
"2023-06-30 09:21:08.2",1003,0.1528955,1,0.011,21.86,11.98,40.97
"2023-06-30 09:21:08.4",1004,0.1528955,1,0.01,21.84,11.98,40.97
"2023-06-30 09:21:08.6",1005,0.1528955,1,0.01,21.86,11.98,40.97
"2023-06-30 09:21:08.8",1006,0.1528955,1,0.011,21.86,11.98,40.97
"2023-06-30 09:21:09",1007,0.1528955,1,0.01,21.86,11.98,40.97
"2023-06-30 09:21:09.2",1008,0.1528955,1,0.01,21.86,11.98,40.97
"2023-06-30 09:21:09.4",1009,0.1528955,1,0.011,21.86,11.98,40.97
"2023-06-30 09:21:09.6",1010,0.1528955,1,0.01,21.86,11.98,40.97
"2023-06-30 09:21:09.8",1011,0.1528955,1,0.01,21.86,11.98,40.97
"2023-06-30 09:21:10",1012,0.7611175,1,0.011,21.86,11.98,40.97
"2023-06-30 09:21:10.2",1013,0.1528955,1,0.01,21.86,11.98,40.97
"2023-06-30 09:21:10.4",1014,0.1528955,1,0.01,21.86,11.98,40.97
"2023-06-30 09:21:10.6",1015,0.4570076,1,0.011,21.86,11.98,40.97
"2023-06-30 09:21:10.8",1016,0.1528955,1,0.01,21.86,11.98,40.97
"2023-06-30 09:21:11",1017,0.7611175,1,0.012,21.86,11.98,40.97
"2023-06-30 09:21:11.2",1018,0.1528955,1,0.011,21.86,11.98,40.97
"2023-06-30 09:21:11.4",1019,0.1528955,1,0.01,21.86,11.98,40.97
"2023-06-30 09:21:11.6",1020,0.7611175,1,0.012,21.86,11.98,40.97
"2023-06-30 09:21:11.8",1021,0.1528955,1,0.011,21.86,11.98,40.97
"2023-06-30 09:21:12",1022,0.1528955,1,0.01,21.86,11.98,40.97
"2023-06-30 09:21:12.2",1023,0.7611175,1,0.012,21.86,11.98,40.97
"2023-06-30 09:21:12.4",1024,0.1528955,1,0.011,21.86,11.98,40.97
"2023-06-30 09:21:12.6",1025,0.1528955,1,0.01,21.86,11.98,40.97
"2023-06-30 09:21:12.8",1026,0.7611175,1,0.012,21.86,11.98,40.97
"2023-06-30 09:21:13",1027,0.1528955,1,0.011,21.86,11.98,40.97
"2023-06-30 09:21:13.2",1028,0.1528955,1,0.01,21.86,11.98,40.97
"2023-06-30 09:21:13.4",1029,0.7611175,1,0.012,21.86,11.98,40.97
"2023-06-30 09:21:13.6",1030,0.1528955,1,0.011,21.86,11.98,40.97
"2023-06-30 09:21:13.8",1031,0.1528955,1,0.01,21.86,11.98,40.97
"2023-06-30 09:21:14",1032,0.4570076,1,0.011,21.86,11.98,40.94
"2023-06-30 09:21:14.2",1033,0.1528955,1,0.011,21.86,11.98,40.94
"2023-06-30 09:21:14.4",1034,0.1528955,1,0.01,21.86,11.98,40.94
"2023-06-30 09:21:14.6",1035,0.7611175,1,0.011,21.86,11.98,40.97
"2023-06-30 09:21:14.8",1036,0.1528955,1,0.011,21.86,11.98,40.97
"2023-06-30 09:21:15",1037,0.1528955,1,0.01,21.86,11.98,40.94
"2023-06-30 09:21:15.2",1038,0.7611175,1,0.011,21.86,11.98,40.97
"2023-06-30 09:21:15.4",1039,0.1528955,1,0.011,21.86,11.98,40.94
"2023-06-30 09:21:15.6",1040,0.1528955,1,0.01,21.86,11.98,40.97
"2023-06-30 09:21:15.8",1041,0.4570076,1,0.011,21.86,11.98,40.97
"2023-06-30 09:21:16",1042,0.1528955,1,0.011,21.86,11.98,40.97
"2023-06-30 09:21:16.2",1043,0.1528964,1,0.01,21.86,11.98,40.97
"2023-06-30 09:21:16.4",1044,0.4570096,1,0.011,21.86,11.98,40.97
"2023-06-30 09:21:16.6",1045,0.1528964,1,0.01,21.86,11.98,40.97
"2023-06-30 09:21:16.8",1046,0.1528964,1,0.01,21.86,11.98,40.94
"2023-06-30 09:21:17",1047,0.7611217,1,0.011,21.86,11.98,40.94
"2023-06-30 09:21:17.2",1048,0.1528964,1,0.01,21.86,11.98,40.94
"2023-06-30 09:21:17.4",1049,0.1528964,1,0.01,21.86,11.98,40.94
"2023-06-30 09:21:17.6",1050,0.1528976,1,0.011,21.86,11.98,40.97
"2023-06-30 09:21:17.8",1051,0.1528964,1,0.01,21.86,11.98,40.94
"2023-06-30 09:21:18",1052,0.1528964,1,0.01,21.86,11.98,40.94
"2023-06-30 09:21:18.2",1053,0.7611217,1,0.011,21.86,11.98,40.94
"2023-06-30 09:21:18.4",1054,0.1528964,1,0.01,21.86,11.98,40.94
"2023-06-30 09:21:18.6",1055,0.1528964,1,0.01,21.86,11.98,40.94
"2023-06-30 09:21:18.8",1056,0.1528976,1,0.011,21.86,11.98,40.94
"2023-06-30 09:21:19",1057,0.7611208,1,0.01,21.86,11.98,40.94
"2023-06-30 09:21:19.2",1058,0.1528964,1,0.01,21.86,11.98,40.94
"2023-06-30 09:21:19.4",1059,0.7611217,1,0.011,21.86,11.98,40.94
"2023-06-30 09:21:19.6",1060,0.1528964,1,0.01,21.86,11.98,40.94
"2023-06-30 09:21:19.8",1061,0.1528964,1,0.01,21.86,11.98,40.94
"2023-06-30 09:21:20",1062,0.1528976,1,0.011,21.86,11.98,40.94
"2023-06-30 09:21:20.2",1063,0.1528964,1,0.01,21.86,11.98,40.94
"2023-06-30 09:21:20.4",1064,0.1528964,1,0.01,21.86,11.98,40.94
"2023-06-30 09:21:20.6",1065,0.7611217,1,0.011,21.86,11.98,40.94
"2023-06-30 09:21:20.8",1066,0.1528964,1,0.01,21.86,11.98,40.94
"2023-06-30 09:21:21",1067,0.1528964,1,0.01,21.86,11.98,40.94
"2023-06-30 09:21:21.2",1068,0.4570096,1,0.011,21.86,11.98,40.94
"2023-06-30 09:21:21.4",1069,0.1528964,1,0.01,21.86,11.98,40.94
"2023-06-30 09:21:21.6",1070,0.1528964,1,0.01,21.86,11.98,40.94
"2023-06-30 09:21:21.8",1071,0.7611217,1,0.011,21.86,11.98,40.94
"2023-06-30 09:21:22",1072,0.1528964,1,0.01,21.86,11.98,40.94
"2023-06-30 09:21:22.2",1073,0.1528964,1,0.01,21.86,11.98,40.94
"2023-06-30 09:21:22.4",1074,0.4570096,1,0.011,21.86,11.98,40.94
"2023-06-30 09:21:22.6",1075,0.1528964,1,0.01,21.86,11.98,40.94
"2023-06-30 09:21:22.8",1076,0.7611217,1,0.011,21.86,11.98,40.94
"2023-06-30 09:21:23",1077,0.1528964,1,0.011,21.86,11.98,40.94
"2023-06-30 09:21:23.2",1078,0.1528964,1,0.01,21.86,11.98,40.94
"2023-06-30 09:21:23.4",1079,0.1528976,1,0.011,21.86,11.98,40.94
"2023-06-30 09:21:23.6",1080,0.1528964,1,0.011,21.86,11.98,40.94
"2023-06-30 09:21:23.8",1081,0.1528964,1,0.01,21.86,11.98,40.94
"2023-06-30 09:21:24",1082,0.7611217,1,0.011,21.86,11.98,40.94
"2023-06-30 09:21:24.2",1083,0.1528964,1,0.011,21.86,11.98,40.94
"2023-06-30 09:21:24.4",1084,0.1528964,1,0.01,21.86,11.98,40.94
"2023-06-30 09:21:24.6",1085,0.1528976,1,0.011,21.86,11.98,40.94
"2023-06-30 09:21:24.8",1086,0.1528964,1,0.011,21.86,11.98,40.94
"2023-06-30 09:21:25",1087,0.1528964,1,0.01,21.86,11.98,40.94
"2023-06-30 09:21:25.2",1088,0.1528976,1,0.011,21.86,11.98,40.94
"2023-06-30 09:21:25.4",1089,0.1528964,1,0.011,21.86,11.98,40.94
"2023-06-30 09:21:25.6",1090,0.1528964,1,0.01,21.86,11.98,40.94
"2023-06-30 09:21:25.8",1091,0.1528976,1,0.011,21.86,11.98,40.94
"2023-06-30 09:21:26",1092,0.1528964,1,0.011,21.86,11.98,40.94
"2023-06-30 09:21:26.2",1093,0.1528964,1,0.01,21.86,11.98,40.94
"2023-06-30 09:21:26.4",1094,0.1528976,1,0.011,21.86,11.98,40.94
"2023-06-30 09:21:26.6",1095,0.1528964,1,0.011,21.86,11.98,40.94
"2023-06-30 09:21:26.8",1096,0.1528964,1,0.01,21.86,11.98,40.94
"2023-06-30 09:21:27",1097,0.1528976,1,0.011,21.86,11.98,40.94
"2023-06-30 09:21:27.2",1098,0.1528964,1,0.011,21.86,11.98,40.94
"2023-06-30 09:21:27.4",1099,0.1528964,1,0.01,21.86,11.98,40.94
"2023-06-30 09:21:27.6",1100,0.1528976,1,0.011,21.86,11.98,40.94
"2023-06-30 09:21:27.8",1101,0.1528964,1,0.011,21.86,11.98,40.94
"2023-06-30 09:21:28",1102,0.1528964,1,0.01,21.86,11.98,40.94
"2023-06-30 09:21:28.2",1103,0.7611217,1,0.011,21.86,11.98,40.94
"2023-06-30 09:21:28.4",1104,0.1528964,1,0.011,21.86,11.98,40.94
"2023-06-30 09:21:28.6",1105,0.1528964,1,0.01,21.86,11.98,40.94
"2023-06-30 09:21:28.8",1106,0.7611217,1,0.011,21.86,11.98,40.94
"2023-06-30 09:21:29",1107,0.1528964,1,0.011,21.86,11.98,40.94
"2023-06-30 09:21:29.2",1108,0.1528964,1,0.01,21.86,11.98,40.94
"2023-06-30 09:21:29.4",1109,0.7611217,1,0.011,21.86,11.98,40.94
"2023-06-30 09:21:29.6",1110,0.1528964,1,0.011,21.86,11.98,40.94
"2023-06-30 09:21:29.8",1111,0.1528964,1,0.01,21.86,11.98,40.94
"2023-06-30 09:21:30",1112,0.1528976,1,0.011,21.86,11.98,40.94
"2023-06-30 09:21:30.2",1113,0.1528964,1,0.011,21.89,11.98,40.94
"2023-06-30 09:21:30.4",1114,0.1528964,1,0.01,21.86,11.98,40.94
"2023-06-30 09:21:30.6",1115,0.1528976,1,0.011,21.86,11.98,40.94
"2023-06-30 09:21:30.8",1116,0.1528964,1,0.011,21.89,11.98,40.94
"2023-06-30 09:21:31",1117,0.1528964,1,0.01,21.89,11.98,40.94
"2023-06-30 09:21:31.2",1118,0.4570096,1,0.011,21.89,11.98,40.94
"2023-06-30 09:21:31.4",1119,0.1528964,1,0.011,21.89,11.98,40.94
"2023-06-30 09:21:31.6",1120,0.1528964,1,0.01,21.89,11.98,40.94
"2023-06-30 09:21:31.8",1121,0.1528976,1,0.011,21.89,11.98,40.94
"2023-06-30 09:21:32",1122,0.1528964,1,0.011,21.89,11.98,40.94
"2023-06-30 09:21:32.2",1123,0.1528964,1,0.01,21.89,11.98,40.94
"2023-06-30 09:21:32.4",1124,0.1528976,1,0.011,21.89,11.98,40.94
"2023-06-30 09:21:32.6",1125,0.1528964,1,0.011,21.89,11.98,40.94
"2023-06-30 09:21:32.8",1126,0.1528964,1,0.01,21.89,11.98,40.94
"2023-06-30 09:21:33",1127,0.7611217,1,0.011,21.89,11.98,40.94
"2023-06-30 09:21:33.2",1128,0.1528964,1,0.011,21.89,11.98,40.94
"2023-06-30 09:21:33.4",1129,0.1528964,1,0.01,21.89,11.98,40.94
"2023-06-30 09:21:33.6",1130,0.1528976,1,0.011,21.89,11.98,40.94
"2023-06-30 09:21:33.8",1131,0.1528964,1,0.011,21.89,11.98,40.94
"2023-06-30 09:21:34",1132,0.1528964,1,0.01,21.89,11.98,40.94
"2023-06-30 09:21:34.2",1133,0.7611217,1,0.011,21.89,11.98,40.94
"2023-06-30 09:21:34.4",1134,0.1528964,1,0.011,21.89,11.98,40.94
"2023-06-30 09:21:34.6",1135,0.1528964,1,0.01,21.89,11.98,40.94
"2023-06-30 09:21:34.8",1136,0.1528976,1,0.011,21.89,11.98,40.94
"2023-06-30 09:21:35",1137,0.1528964,1,0.011,21.89,11.98,40.94
"2023-06-30 09:21:35.2",1138,0.1528964,1,0.01,21.89,11.98,40.94
"2023-06-30 09:21:35.4",1139,0.7611217,1,0.011,21.89,11.98,40.94
"2023-06-30 09:21:35.6",1140,0.1528964,1,0.011,21.89,11.98,40.94
"2023-06-30 09:21:35.8",1141,0.1528964,1,0.01,21.89,11.98,40.94
"2023-06-30 09:21:36",1142,0.4570096,1,0.011,21.89,11.98,40.94
"2023-06-30 09:21:36.2",1143,0.4570086,1,0.01,21.89,11.98,40.94
"2023-06-30 09:21:36.4",1144,0.1528964,1,0.01,21.89,11.98,40.94
"2023-06-30 09:21:36.6",1145,0.1528976,1,0.011,21.89,11.98,40.9
"2023-06-30 09:21:36.8",1146,0.1528964,1,0.01,21.89,11.98,40.94
"2023-06-30 09:21:37",1147,0.1528964,1,0.01,21.89,11.98,40.94
"2023-06-30 09:21:37.2",1148,0.1528976,1,0.011,21.89,11.98,40.94
"2023-06-30 09:21:37.4",1149,0.1528964,1,0.01,21.89,11.98,40.94
"2023-06-30 09:21:37.6",1150,0.1528964,1,0.01,21.89,11.98,40.94
"2023-06-30 09:21:37.8",1151,0.1528976,1,0.011,21.89,11.98,40.94
"2023-06-30 09:21:38",1152,0.1528964,1,0.01,21.89,11.98,40.94
"2023-06-30 09:21:38.2",1153,0.1528964,1,0.01,21.89,11.98,40.9
"2023-06-30 09:21:38.4",1154,0.1528976,1,0.011,21.89,11.98,40.94
"2023-06-30 09:21:38.6",1155,0.1528964,1,0.01,21.89,11.98,40.9
"2023-06-30 09:21:38.8",1156,0.1528964,1,0.01,21.89,11.98,40.9
"2023-06-30 09:21:39",1157,0.4570096,1,0.011,21.89,11.98,40.94
"2023-06-30 09:21:39.2",1158,0.1528964,1,0.01,21.89,11.98,40.94
"2023-06-30 09:21:39.4",1159,0.1528976,1,0.011,21.89,11.98,40.9
"2023-06-30 09:21:39.6",1160,0.1528964,1,0.011,21.89,11.98,40.94
"2023-06-30 09:21:39.8",1161,0.1528964,1,0.01,21.89,11.98,40.9
"2023-06-30 09:21:40",1162,0.1528976,1,0.011,21.89,11.98,40.94
"2023-06-30 09:21:40.2",1163,0.1528964,1,0.011,21.89,11.98,40.9
